0.0296635727166237
0.0687585825537136
0.138169523778334
0.00763385595237787
0.118666295331399
0.516235148419056
0.62015603989881
0.0916704362343562
0.40178507334115
0.13063209132536
0.423975078857812
0.509503372164317
0.105587217768047
0.300685607830083
0.0255552045388858
0.445242063078196
0.478668686651729
0.60522835565767
0.537587222610135
0.44084910418435
0.0178749701802288
0.0886912138623919
0.14001575491137
0.00937362377230677
0.441567586795754
0.696693964209888
0.616451176152468
0.452497596464448
0.720612640601689
0.541828744748212
0.611421110713897
0.547162976044921
0.484584701546194
0.736075334656476
0.521679860330519
0.76976191079195
0.721255909374721
0.547224486099792
0.740050430216538
0.791670138831019
0.703672973493547
0.786420167062145
0.788139184081626
0.573389759647791
0.496840156180815
0.80408943709018
0.646674322056355
0.675225555851461
0.740075430110182
0.465246361001487
0.712818627732531
0.590621968043951
0.830041231997118
0.809616281615596
0.798005506369896
0.702114983616324
0.740661882742864
0.54415746624486
0.694287766924993
0.652227137412013
0.747188099638226
0.665605521521629
0.777945552249412
0.745786409741465
0.66698303278552
0.801215764385021
0.810628297434771
0.825877100575128
0.647606898447356
0.784714747039828
0.815193667795833
0.729462848485668
0.750621575722512
0.662004583217852
0.646913850510386
0.80795710529904
0.728959094506543
0.633733174617709
0.749048895313237
0.679833000893266
0.703051737295811
0.796598310138761
0.607091217702898
0.813479465954407
0.791380249133707
0.712272443468728
0.69519350640246
0.617701929840658
0.713684451634146
0.503904273368589
0.74503974830324
0.789401415643684
0.751520075935465
0.733918712166567
0.464705920138406
0.773470187544032
0.736389110761387
0.61124436790278
0.789283373826045
0.779294271362107
0.693209185316992
0.809797700834608
0.486864764234885
0.568055081615992
0.640158330334653
0.81518034701738
0.754520504902226
0.654756931617706
0.671821260731445
0.670542188720023
0.799632927523223
0.47970999034862
0.581721217191258
0.686108085541824
0.570308303792029
0.444486725177028
0.705769853179157
0.0667330654981667
0.764247690806131
0.796585070157809
0.663863286475875
0.654822475198995
0.693782248556949
0.511887968526536
0.68171517327426
0.146295863120493
0.750943302242756
0.341892677174008
0.816376970734162
0.660358389827054
0.818717425787446
0.777011191808283
0.59180507876121
0.706903020071281
0.677760305225439
0.809927487336419
0.795766234031472
0.756538167511479
0.816823984334787
0.784777761516542
0.820484834558824
0.707865431132197
0.762939362259472
0.788618814193824
0.755624903777306
0.745514696526276
0.618112175729501
0.83257489761955
0.70345680403536
0.615842649149091
0.778727773204818
0.667101653838984
0.646125427303547
0.781253417915345
0.76898749529312
0.732623180500743
0.803752641980057
0.77541010115529
0.528699824205034
0.713537638289705
0.743106916332492
0.712404014839953
0.437534872837884
0.692076512828092
0.660953737137432
0.810141482567191
0.720261723131838
0.662765993322767
0.81753955742395
0.799932777413211
0.718070020129801
0.773890707812528
0.522385778558942
0.793595686975475
0.55522939044188
0.797325507395592
0.737646426088439
0.742226850682326
0.64227072236273
0.741455759202236
0.723993265435677
0.683019681307988
0.651922086239784
0.73297659005765
0.747178512196109
0.740484878053844
0.685638389839833
0.695287313592014
0.809414903754526
0.81439169662694
0.707149362610588
0.711426361778999
0.787070041180654
0.604780574174782
0.711649365628604
0.731166174252709
0.764901705403029
0.0391880601053204
0.0226112055865979
0.692242352991866
0.669049510193275
0.551655958716481
0.727763001358463
0.793701713307271
0.6188022002737
0.473423971109933
0.591810077392809
0.758549753237848
0.645018725262242
0.629239644663276
0.13531461577705
0.814661395636759
0.452029572868011
0.606038639730215
0.704152515295315
0.787608213615163
0.431606325994234
0.602268659565836
0.818717754420567
0.729898360753152
0.68829484813725
0.496572666714996
0.449340116728882
0.767953980633439
0.418535686790759
0.327038903880967
0.656900923279615
0.681765817830025
0.693811314284315
0.643730004346494
0.789557418206229
0.624334132249412
0.802650015590649
0.620036248541889
0.459985171192801
0.411876795246082
0.637469683402275
0.580756734094959
0.772248476911689
0.802866712270167
0.734578337876467
0.130606393346705
0.629966771016037
0.749340766215146
0.783211462043579
0.681930807227804
0.716641636677906
0.0202984366902154
0.618973591059596
0.677514020077977
0.303132489148031
0.623390464999793
0.672880840303697
0.673125702779739
0.658892834361771
0.776457386071507
0.323495148783712
0.577836411609499
0.791790291181278
0.759604982907914
0.0592678206189302
0.533240292564985
0.828091853960592
0.749830510170641
0.730109035949476
0.629726997715416
0.725240002857504
0.726684104220817
0.746745040634758
0.745797395440114
0.505586868387224
0.787500345311939
0.745497857091957
0.783800144853903
0.773281702019607
0.464758065293093
0.771900411719757
0.525564933555369
0.568405560662756
0.71064479912962
0.704448056745973
0.783630336757744
0.830437200721659
0.416505087200397
0.795787504645834
0.405789040848438
0.819873695435239
0.605549134772027
0.605072449459147
0.696473016451163
0.718287639588475
0.734357650234031
0.753057152452636
0.809060827492186
0.549100681308871
0.77929524557818
0.600445902372952
0.830656291542128
0.818369722959338
0.692507326012958
0.730705014272634
0.671989188763662
0.739934827667813
0.751742149466122
0.807390800214181
0.407688908737892
0.77575508867765
0.720199889199156
0.654232881069942
0.747308839136807
0.699683466373558
0.737475618048026
0.802514776831824
0.702568617419961
0.769645230619677
0.480894315273647
0.778944948449962
0.656014584981597
0.768442404679316
0.830394637756867
0.822933322001066
0.568010298634481
0.613908558102901
0.621951035098066
0.696024609847587
0.325157845579919
0.720300844411751
0.66699634028978
0.522734540178593
0.823621025079326
0.798379373403417
0.670717933689178
0.832935720347761
0.764712525763978
0.743937725654879
0.533866900354727
0.180557581399313
0.687458978990993
0.810302832558104
0.791414626006424
0.814647654458743
0.794337282743047
0.811604059555725
0.575972930111858
0.832497495837563
0.688585086339785
0.614350778818602
0.481854814682784
0.743652844428038
0.424876837374724
0.590454309034987
0.707191379714219
0.670469449222637
0.685997695223083
0.691201719388826
0.0331222349108814
0.443389977679938
0.817862249219084
0.705696249098695
0.754449377283621
0.65331225471842
0.809407638941831
0.739905065348852
0.717042528507965
0.502321669412192
0.458311078946827
0.823764634144192
0.746460589834084
0.780458139953545
0.557216485715804
0.639145496535797
0.768364094581573
0.723318955141702
0.699304189895418
0.654437199144386
0.694159673117859
0.461126762384924
0.698924860677479
0.560339066511906
0.774525940790512
0.701304403669177
0.658983566418066
0.615052968711505
0.349014701201003
0.74029818961868
0.771792659939114
0.195793032511675
0.524929333238319
0.724248231741786
0.667410558384414
0.631701648871718
0.766943227370187
0.360445743734447
0.634797915426501
0.796751685436649
0.800655444897178
0.663069370647277
0.7161252228417
0.744673245586039
0.711172150063398
0.820876487172965
0.72533509118875
0.802678053458462
0.708293223651585
0.512703811630785
0.716431115446564
0.831467396525195
0.82296780315436
0.787668193332357
0.527007851669662
0.534888047553046
0.719897370396513
0.681113297256618
0.470926904319247
0.585081178867355
0.609625083930607
0.565306220033297
0.721816538006816
0.648274964563703
0.646418216533484
0.718816781014509
0.829265294414926
0.798910497073142
0.723798107464632
0.678670466923945
0.614827596832342
0.570315689063245
0.805388784555654
0.784420500748061
0.793832711738959
0.590437535580739
0.800980766781302
0.764250469730939
0.812791226648046
0.690158824586517
0.747142073283284
0.535684934369066
0.646880186447262
0.79470166045297
0.756424308853976
0.736972234789104
0.574227115771905
0.136066875335314
0.770598005120253
0.0868473880913211
0.643047092797047
0.526873580620742
0.0520946055083162
0.535063208156851
0.0959585732056586
0.760747234238028
0.717798717112968
0.689432313325528
0.587497885926665
0.527439240500347
0.692877522627249
0.233067667973519
0.813376082652
0.621995335422439
0.670197749429442
0.70316808700737
0.668835792227576
0.651102342149977
0.752454414480427
0.0891100003516034
0.729065574259062
0.541883317681013
0.70542749834303
0.47450702189992
0.552460571776374
0.271235292617249
0.687194036667115
0.612949172485331
0.707337916421562
0.732626040084704
0.754831054079366
0.822936770720824
0.565581924732724
0.311089800822283
0.711798950948181
0.495173607272327
0.747424997853112
0.693008577340349
0.829260630233162
0.675470081586822
0.549659091932593
0.514192855720136
0.695118233149185
0.824314827828531
0.688778924108741
0.777128478745857
0.645498181405671
0.718968501989703
0.737941372243798
0.773045524798181
0.00506703440450351
0.780381477373802
0.810005851819764
0.824369750850929
0.620011703639528
0.737921455060081
0.637925166373386
0.620622937137221
0.40717519573593
0.666765526227219
0.794330091975583
0.632989811797176
0.657293647937765
0.79730291255445
0.684555522959626
0.760249340685687
0.707424398464563
0.318076895013165
0.735658131948887
0.53924269930057
0.56481815926785
0.560410576521529
0.341496147093957
0.805987986776141
0.795642275891102
0.509289156271775
0.602130986436645
0.624671118067206
0.665548483764051
0.760082531609126
0.742604380358655
0.637126330839182
0.515729118239578
0.659910216297102
0.816532949764887
0.590021113912633
0.0776619690146073
0.629161274053527
0.518823619986142
0.699201982860529
0.64679038422142
0.494648836530016
0.132798848356871
0.712499928124982
0.766499168737041
0.731460719416733
0.819032038567892
0.701100845585708
0.723628645338168
0.64064453995314
0.574748570092067
0.692866203304145
0.681653365083104
0.591224405538092
0.697364040795327
0.681601670954431
0.609699742011529
0.75672236913488
0.369401467402785
0.787337658885352
0.700958726323407
0.775210683786621
0.144723112660493
0.620546640509682
0.642595471684626
0.807784349417298
0.696071727072411
0.478554511389934
0.799770136116261
0.5461085617542
0.412379633313139
0.782316716117053
0.402644135996425
0.648219286025863
0.493890243013661
0.442968310467183
0.795452918375487
0.697843204795833
0.58158295536327
0.411573640382053
0.714458670748004
0.409892328954341
0.539293645016539
0.707359327628791
0.772796982743931
0.729748720360191
0.548363495124584
0.594588568208446
0.588923967377006
0.719899724101228
0.682972450305932
0.412519100472746
0.789793640416797
0.720008735727445
0.767890964459464
0.706730247548998
0.740139597008487
0.475613401223918
0.76508175155046
0.609967666319538
0.77175672005277
0.656349121800181
0.520792800391033
0.0749089687297955
0.808580201067357
0.625670050609409
0.767600216596598
0.0239314440680507
0.679411142386335
0.563562724765197
0.738943609209025
0.127930046036573
0.566936465248817
0.687078533900347
0.331257556789608
0.814729727726808
0.725141826817362
0.776697489856483
0.706868653706353
0.52161350198052
0.794717253809535
0.825515253456543
0.61720583225194
0.750386277235977
0.326231362717282
0.71399644211574
0.635335946759048
0.775943501913443
0.828094809150857
0.744427889051035
0.565077459704427
0.800381271770918
0.770102258515412
0.671385569883145
0.798694736672585
0.787424004081459
0.771437975123309
0.800609735429058
0.80947917321582
0.643613192014084
0.711524592528487
0.729056765317098
0.773040373847896
0.723161933658526
0.777864657378448
0.764170966616042
0.653888219739447
0.657830715168022
0.732812495825195
0.553022684098782
0.779549222249656
0.632473198107972
0.733743014082332
0.822954952658154
0.609213189836417
0.762506976357569
0.807878148636991
0.814427173800086
0.695598043304222
0.713271514671897
0.577034674697368
0.762518256409039
0.69967715293941
0.655944758490423
0.647941868161271
0.0986394864408339
0.795489312271459
0.787315043845004
0.490497264479813
0.741323338067116
0.503066082272379
0.78500218222785
0.789262947157684
0.683978333554549
0.629429246926116
0.777683910984638
0.62170934415749
0.715044510047531
0.630787861781744
0.747647443290072
0.750279686750839
0.715330046344268
0.787873581139416
0.823592088457983
0.736089961653871
0.81818743784283
0.8160313924032
0.51474919812305
0.0593511780685846
0.0263016375366951
0.637478883144943
0.542099382749968
0.429964595101002
0.530161295627211
0.83220547446419
0.617606907548822
0.743385768174703
0.467300508035505
0.614172225801846
0.725196965075282
0.614935867568744
0.791966148731722
0.791597199066356
0.769933004490908
0.745499800217343
0.562747867302723
0.688786672600467
0.800233327473511
0.694491373963944
0.798856296904197
0.762424035085218
0.791518992619772
0.786616137367995
0.532093693558802
0.443253625810762
0.771642053485998
0.590806234476212
0.622432066089491
0.487433667509497
0.801426157337998
0.630226744959991
0.717267332219367
0.359100484712303
0.773738763301332
0.73847936209886
0.803448689297585
0.696200993422752
0.560054729191689
0.746171633664749
0.799540145092843
0.595987346323687
0.825610494062909
0.797844210662505
0.784856014887964
0.643891130396385
0.683925393749941
0.145194669092034
0.1314483446274
0.660309933216933
0.612294904004218
0.459195488392442
0.803606183262926
0.758256156611331
0.654521962038873
0.710112997953398
0.735836197309228
0.600933814873197
0.753190019004369
0.755614153850666
0.723980314276014
0.6178144336201
0.432504335666876
0.774629603753769
0.447398712328479
0.597784597563379
0.731538579248469
0.749308718792069
0.704691565105174
0.774878715908196
0.725135782923236
0.717101764153399
0.607927701868225
0.726974384736776
0.364048922444494
0.671302398506398
0.518913900020687
0.429831338408215
0.824559556767264
0.759550648251452
0.798586074241173
0.643472153392541
0.543299750641664
0.681424161428749
0.777670071278975
0.791381990007197
0.757830549191881
0.772551517081381
0.72549191848208
0.615858881918862
0.564770808307655
0.728186268513913
0.760809039504779
0.757868076842987
0.735142837467754
0.829281908491689
0.796041990874919
0.731083759341478
0.682317809263613
0.736189521447792
0.458115879751579
0.728286711861644
0.461805406057057
0.76233821173764
0.712213652584321
0.662536108636376
0.832133366682838
0.72247199742454
0.65716088068513
0.670216239211949
0.721060750179218
0.818267067448361
0.449754315301782
0.794774549581443
0.731069295374661
0.701722255695614
0.427711688015882
0.717316085845451
0.00932401451986242
0.721475622153829
0.728898841313648
0.774951164402675
0.596533415102561
0.71857542882069
0.510856539114357
0.642761453960882
0.714078216763022
0.465891853782554
0.822122610884317
0.549995499955
0.784432118752034
0.655948309674045
0.100624795954251
0.728734110600529
0.729923892552921
0.811211043398805
0.730155646223258
0.804227127855347
0.825257613962616
0.601709462984869
0.671325085784153
0.541828744748212
0.78961231861952
0.696265585372151
0.543864290503711
0.794790131867861
0.116394678221868
0.13292592412755
0.408661920193013
0.811115119668016
0.57136733819117
0.596425948197235
0.398977781410623
0.802542463243279
0.679732512594519
0.675757349770274
0.800220955623081
0.656942119274364
0.735951288293664
0.46941157743938
0.75420433485235
0.788397406598615
0.588121421804852
0.782672948867291
0.761712997602833
0.784493441057879
0.743331759101456
0.773041919157532
0.647798033304218
0.768743886166491
0.778239532351526
0.769440223919654
0.80243323231086
0.727480337706365
0.477934646814958
0.558430662574791
0.816365168879772
0.419827398651099
0.770614317795512
0.668007914691314
0.530000093999981
0.815042928536287
0.432759285730493
0.655569103170831
0.5187309898741
0.773336174186617
0.784558905903948
0.83167250201993
0.815427663332675
0.796915965857512
0.679735589702859
0.759079684394387
0.673019890200079
0.717738976295719
0.783076495904484
0.829363765736927
0.625548103962824
0.77966142774988
0.468935092715967
0.795282070599025
0.675074651598795
0.702256892752933
0.717089758932184
0.514011061108249
0.80707122544499
0.641805586400074
0.547046060886068
0.692363540157325
0.744067484285744
0.799376864541265
0.806787179942964
0.761323983598184
0.828858262124109
0.579657084249331
0.684793161272427
0.717826587507619
0.566098400204802
0.754625312852726
0.772636327258176
0.616605579155612
0.556210391777466
0.648965149260019
0.726471038753583
0.630850557231084
0.445877466884252
0.10510377216658
0.800097552394431
0.794450999173693
0.694261595893322
0.805852385685885
0.72555896777239
0.412331633012858
0.823372421016562
0.716416640671525
0.691774699634445
0.833106079444844
0.483558037231334
0.672279427668792
0.721035071470815
0.820773434321529
0.767006759133918
0.382121054842935
0.565347786968257
0.730975965392748
0.793398674445895
0.712973593570609
0.724230741653843
0.695722157816746
0.600948147202247
0.726969912084312
0.803065870527626
0.83124328137314
0.774450674618032
0.794192948227178
0.542346663249522
0.156400055340156
0.674132295770563
0.527742752031887
0.602241765410148
0.77109423821307
0.820797843839657
0.699241788548932
0.44192940630218
0.80541302059314
0.664928763855196
0.658061207043939
0.802241787101418
0.818957339107387
0.522335587909358
0.650271389401824
0.662959218065386
0.408854880967019
0.680129995169963
0.410841459793465
0.763990078142885
0.511246224377083
0.778171646343492
0.546141522150563
0.0632903780157249
0.729076584631057
0.537561562117043
0.632425915443258
0.620707835038252
0.778911226224666
0.651001277335325
0.759026273365415
0.780047685661749
0.119232181846847
0.608288612949978
0.647192890231124
0.480755231131424
0.444360481139372
0.750634013021892
0.747356081391765
0.291004908373019
0.433192689546033
0.761725488701023
0.735064948827795
0.109116323572515
0.813970101274677
0.82757074772221
0.699864638952167
0.557531913010774
0.441440948299216
0.562642687823098
0.685866505830318
0.531174548403884
0.113991230285197
0.659233411482471
0.471981210979411
0.770086930131717
0.628512415115087
0.80415773136316
0.571084213325556
0.417499593705967
0.698589095556299
