0.153974164063022
0.145666435711826
0.154890773858067
0.135935492400121
0.112450718826163
0.127404980946888
0.127417924930019
0.134454676151889
0.114024984495437
0.138676524800948
0.16812176035418
0.140083050778956
0.139198490498473
0.160937266635677
0.135686053516591
0.15577831751684
0.114752821282759
0.112383755557587
0.172553945345533
0.16274342188438
0.115705512249689
0.11982833131774
0.1202426019001
0.1416419531079
0.165418271497782
0.172120324032105
0.160811227003081
0.102430617886763
0.130067141418025
0.134064183162744
0.124419928202434
0.119422200070799
0.171104710197484
0.174155016058556
0.190339782007083
0.149231585968447
0.121150308783839
0.130773403056896
0.151896952087267
0.19038501240735
0.156914983306917
0.129902888461381
0.125048122353271
0.154925768679521
0.113081253287143
0.138999862239978
0.131128368832532
0.150951486216971
0.129830203767661
0.132780047003321
0.161167420078129
0.130956208883366
0.170075581216819
0.262226202921732
0.148773169330297
0.225226621213295
0.139180706629341
0.122917037599669
0.153229118418368
0.150876507724901
0.12051031509477
0.138320276013249
0.143357422122623
0.127952100152957
0.1499323771206
0.152789356323241
0.158394384807335
0.159432886179648
0.127451425220842
0.159525434441303
0.184342641343225
0.153441303429494
0.136823042681511
0.256769713068515
0.164157048203899
0.140293005337921
0.139531802044128
0.145991111475488
0.130935817002893
0.130341010682891
0.144167544608127
0.141069094119931
0.136383970595601
0.0898581252642825
0.172303281320872
0.13908658808823
0.121858779085135
0.143341277415221
0.157791898800275
0.164034769465868
0.132536307692842
0.160942194790626
0.148192379047577
0.130440075582149
0.101740467669843
0.148697805598333
0.15921591839686
0.14095472573691
0.114643094924426
0.105556817714268
0.1422677582739
0.14019691210319
0.137117246782742
0.12106302153923
0.132730407512636
0.130532314201277
0.204677767244177
0.166237278865282
0.124620741936444
0.172564899872078
0.115527967890127
0.146684870722758
0.14235529818591
0.108667672089532
0.0988011351500903
0.208309582620812
0.265596886130797
0.158889195427049
0.189217237890149
0.149719152235984
0.154284689762024
0.13834477755078
0.125485792642187
0.121283909653926
0.118842582108451
0.162582161157714
0.187759206343276
0.167231561257614
0.136613625963755
0.244016961235458
0.137962246194534
0.18003281508674
0.115814975441761
0.151038704145478
0.138407138813811
0.129412788926131
0.111294381958565
0.172151850530361
0.119476475933531
0.11665615487491
0.130784736232282
0.123494382475497
0.110498343303164
0.143339809684372
0.147043696098493
0.170252558526236
0.125644836932762
0.1615415896333
0.15275705562743
0.14592473717969
0.208146587903647
0.147873731929597
0.143408053848796
0.122009124081183
0.142271436781116
0.129397630220349
0.109656487666071
0.165782396006434
0.140892732725715
0.0765381780356822
0.109563730749881
0.160874603618141
0.138713617109971
0.136613625963755
0.17725200524255
0.143529105450409
0.113810640830111
0.143336140335247
0.09890995136817
0.185229846660257
0.157107564032431
0.185814942249854
0.130773403056896
0.140423066575093
0.151017802307703
0.137658951013854
0.135516442477264
0.14197263922352
0.12402416291749
0.173328263080014
0.180219684728886
0.192821926830922
0.152946517890193
0.0964666424519726
0.148018205146992
0.161588688825319
0.0970067580014232
0.168352139663615
0.140790867637974
0.134147407940388
0.149098384648373
0.136322807987287
0.140675686707542
0.171234545596189
0.182938447485003
0.165327016528194
0.16482092090186
0.144330117440691
0.158391551597752
0.128773391345409
0.134246357125109
0.182745468527937
0.169464188126328
0.153551654933482
0.126951699475822
0.108179598359764
0.138341065286174
0.117812598694715
0.154015676089522
0.12987487600717
0.105090958554972
0.16891751506337
0.124823761384949
0.198559972558694
0.134034938226382
0.140164383373187
0.144069385159361
0.181420873276584
0.134717554504141
0.142512677950057
0.144663125572007
0.167594798466377
0.152262188350387
0.138650558283641
0.208903944325824
0.129820360115142
0.125787774491711
0.159302153531603
0.111006012266339
0.137266134417387
0.117705186481832
0.130323615279518
0.102384694581904
0.147914392663202
0.169016963687703
0.153012522709852
0.136469732832371
0.138780375216166
0.173931935295741
0.163699892033656
0.119790369274346
0.121911212930384
0.147301165554037
0.135025166442782
0.135282464306622
0.168040785968509
0.15022276910108
0.135431238252672
0.170637240875973
0.158106007923906
0.165682171629189
0.14828959516501
0.154464890422877
0.133028159245388
0.139831561816435
0.159379184715496
0.126401797515661
0.135402833111997
0.106153241088348
0.188488877022793
0.175363829478434
0.125109361329834
0.139690219654293
0.133749133749134
0.133809911120235
0.187425903399566
0.137318232951683
0.178453125821547
0.158973375620152
0.126666538577759
0.1419115293625
0.135178516450634
0.180534078719535
0.115732880588568
0.0963678505753879
0.138015746728339
0.135399095454534
0.131513216631869
0.12578166047283
0.130080006541798
0.123565056889392
0.130867837155922
0.15349504963905
0.147130991298177
0.133258100136425
0.14829249679758
0.177862805033453
0.118130012328542
0.140219828594225
0.182442795522403
0.113192153524174
0.140287092528321
0.243526859335332
0.165264310708657
0.10440569705448
0.10624750866493
0.117994672687823
0.156678934177104
0.158583458423926
0.144209292175505
0.0939254953056279
0.124522645972717
0.149278630815
0.147775694562809
0.124323320846184
0.140603313661743
0.1662261561525
0.163476024804609
0.144630933909054
0.14373004891014
0.164212236601486
0.156347389148265
0.159140978423557
0.12344521094291
0.155874522436011
0.113290446147912
0.163678210137558
0.143306784410582
0.097114377550652
0.197032875882963
0.174108636098225
0.206259123059204
0.120131135655542
0.15336533047961
0.181504623680381
0.13903099660606
0.118574629404703
0.13140609718176
0.176631484129984
0.140798988204889
0.11783828034923
0.169224762086741
0.18204088977592
0.144814540205262
0.196374039666977
0.148722445209648
0.12816801945929
0.150495643316907
0.127599100380192
0.131778638281616
0.121709925380475
0.166820804817776
0.131083070196323
0.173384980239768
0.149876009415973
0.122142463988089
0.144740668265431
0.254432955256285
0.143404385084272
0.143904514533933
0.116813746617397
0.140357301891042
0.26687023236548
0.103032825410721
0.174884133104391
0.168935472825852
0.130940348614588
0.140362474758893
0.157908919428725
0.154868632780279
0.175800853705476
0.134181143157953
0.147681993333169
0.109167909377433
0.134740015332407
0.115874386969403
0.177905385130775
0.122404401317447
0.170185081919329
0.15362616175389
0.138522186499609
0.131361582033778
0.179312772929796
0.158732108335114
0.119903471012701
0.140147378739284
0.133406069450571
0.175468540002144
0.160787986512185
0.133073255309926
0.119175548313221
0.179422543232123
0.148792732732835
0.15224925228384
0.122633853172775
0.156659020375118
0.151624977518062
0.177907412644442
0.154244634739402
0.151685431384925
0.149049871634173
0.163635542478533
0.167521344752721
0.0977986286539156
0.162491687730001
0.160619630588699
0.191885887822448
0.110131068794877
0.263631108640184
0.124130809311891
0.177222896899447
0.220658169762472
0.18873707455344
0.150634178990257
0.137213285189835
0.123450589347996
0.166005726204684
0.148982523505103
0.131151016379541
0.168995556619241
0.176020889518409
0.163913153987131
0.1504790448666
0.141434868390551
0.107573134381638
0.14939224075602
0.165152113459167
0.132613055214383
0.137599456342697
0.130995479438484
0.154062908957712
0.133689098343614
0.159500709801651
0.130397729990234
0.141788546996517
0.121525523636673
0.138555581686036
0.134810385043986
0.127822801502936
0.177244559118269
0.128564606477205
0.107614546596799
0.143578983428253
0.102222716997258
0.137561524204767
0.150930580084228
0.146485311865732
0.151361470792408
0.149140376522401
0.13290111344168
0.155397558592183
0.150201104908523
0.134976531913311
0.156234917699154
0.179739567312622
0.142833876919516
0.179140987460558
0.153016827014698
0.144136780636266
0.16388658957701
0.123730175490558
0.101268200442356
0.145022921935463
0.13783441247726
0.1476020767823
0.116154139182743
0.128910755164688
0.128793884830036
0.141521841401311
0.145104053660109
0.170695015628253
0.152367099637552
0.148218498990639
0.124363959871352
0.102899250203193
0.147761168589886
0.140198390623348
0.152836008536024
0.120954853999392
0.129945282258801
0.117776797529775
0.137901306941619
0.12997858877307
0.141154666020815
0.106543762826681
0.11365197544816
0.158821980654588
0.125855787184346
0.12451498129964
0.13513289115561
0.163611059069133
0.136231793925636
0.136430955495969
0.132434709205128
0.142291300174887
0.137499040467682
0.0809265326675932
0.120151263594763
0.162737813858196
0.147178996042058
0.157344793444143
0.125176714303711
0.116674101326314
0.11981826007434
0.150089155647573
0.174673707250161
0.140001702796628
0.158805705989135
0.135094741721992
0.162244013186279
0.158482204843945
0.127635630850294
0.142454586538767
0.17046042764424
0.129089035840599
0.153544490124827
0.173430758294622
0.113723460449023
0.137595737653174
0.0954540232848224
0.143498295561608
0.132475351455923
0.127909511890954
0.151609862705024
0.128391428949956
0.152879785170313
0.121097784023843
0.179299302158197
0.187137920747573
0.138707682555213
0.110054251092853
0.14721245069822
0.143648656170654
0.162036920653276
0.091510345880181
0.148074819477054
0.1236057663235
0.142419286647211
0.128840181375474
0.116038508898398
0.169569022931521
0.115348787010489
0.179380120155163
0.138498437236165
0.139339253531721
0.112003843247366
0.122013749264687
0.221956390655696
0.16149729750579
0.0856722370866518
0.127034010754941
0.208817569946461
0.112990782200209
0.12677025500055
0.157271650112673
0.120707513906011
0.138586748190817
0.166875642026458
0.12366797532249
0.130349329977641
0.128179420675225
0.163737657813157
0.156092505763888
0.169274452614169
0.128204502300668
0.149349550133509
0.127270188422366
0.144371117049175
0.171940714267379
0.183391489469425
0.0981192178168353
0.164846728495847
0.164468522604886
0.157366094939562
0.136122850241713
0.171244161415117
0.10723532205593
0.127417163529877
0.182891045874948
0.130712954463267
0.133277631975815
0.162737813858196
0.114462771129361
0.158359676675453
0.186194605284039
0.14898035080732
0.138361853555981
0.13118800483407
0.127799219380301
0.204246142583176
0.160806297309545
0.105043705190657
0.126520836408708
0.142843428351996
0.136926595606956
0.181601752681687
0.157559179361548
0.142458263443682
0.139104375846368
0.129750690977951
0.150198216266056
0.148342546847547
0.141752455660786
0.173672546261943
0.173192930468833
0.151697665047823
0.158925274716032
0.118402121477135
0.11751598399174
0.159029250644604
0.145917442671843
0.0810763573168423
0.21704769040813
0.133311435002258
0.175025037990097
0.139725004494937
0.148021108629013
0.179452169446409
0.140222785471829
0.141519630441371
0.120414390372408
0.186372057412842
0.153980605851408
0.146318455655939
0.297130888285983
0.132673992102129
0.154601419931455
0.118102014431379
0.146648461833852
0.195602196327763
0.158432631269782
0.124237429741948
0.13851847576351
0.146359993648918
0.121973662721987
0.132528030188025
0.170201607817365
0.136474952592475
0.112776724939491
0.15644915708182
0.1755623489218
0.143198884102227
0.16357747949092
0.144285452681553
0.179783971502414
0.228920419189703
0.139390361344169
0.122224143576041
0.153561685461829
0.218926961860204
0.140934062393959
0.0943604010896656
0.160807001555025
0.135082772578664
0.160818973547336
0.156111734181947
0.162697854496982
0.147359329210532
0.136313110680611
0.134081429250556
0.13125517989099
0.172057263831404
0.145510941732391
0.162507118689491
0.103433312473215
0.158464500666496
0.133542727174266
0.1340694320448
0.0714403177085525
0.131859288280882
0.137470771040754
0.144083304660124
0.11773710153699
0.204377198405254
0.157124614911308
0.124491986475152
0.149787829552865
0.180858296676742
0.165480257766458
0.140856566003694
0.159841781404274
0.103128556655817
0.167572625126321
0.123518966173091
0.152599823740763
0.134653909157698
0.157510916552299
0.110613845430023
0.136784297070505
0.0896651597287166
0.138747739212815
0.170452169931214
0.12978628421354
0.146955655342787
0.0833972816496502
0.161355953240563
0.0959266977366524
0.132691293608282
0.146502066745245
0.100860117211875
0.133662079696158
0.150694052820035
0.126687131298223
0.184097072866659
0.169206816824227
0.13358852039446
0.15181350753953
0.185570922927319
0.149166438359661
0.179436683283074
0.116732617297909
0.10315912199278
0.186827913270318
0.128834868907071
0.143326599880408
0.147846138507384
0.147256810433484
0.146387683398606
0.131679124176832
0.15073949358596
0.163516609632441
0.177774927397526
0.165040583202453
0.151279361490489
0.155027879855104
0.180116177537643
0.185458810688409
0.15026826031022
0.117788472141966
0.123023184636068
0.152124902176411
0.148287418927609
0.100978944027848
0.0953189995675624
0.143439603926473
0.119704361512771
0.149401646588293
0.153853183373553
0.12086520929562
0.226607785739421
0.147165177048509
0.160575240998848
0.0951454553680496
0.143077739130584
0.140546440573084
0.125135385299125
0.100736406956343
0.141148765057809
0.120092425491626
0.152594079005349
0.203905322052141
0.141612480954527
0.139532542449011
0.17325581779881
0.159948353624781
0.145850327352862
0.143374300029725
0.143972668759368
0.131074009902281
0.187059284514618
0.156895080651417
0.122414413465673
0.174362979757032
0.174997133115038
0.208575871852605
0.193751899722086
0.13879595061856
0.159124716099482
0.191565113771042
0.170309010112274
0.09147072718683
0.193355833327956
0.116450889248003
0.212219422099924
0.186016413165045
0.144757491710562
0.183477503988712
0.132965768621511
0.186338956544805
0.120306063114521
0.104783321755198
0.184318024614019
0.0951454553680496
0.110497552089263
0.174568794738371
0.139875952909929
0.138239336788994
0.10705595455272
0.150825312878413
0.135485053401088
0.140286353421402
0.172401921351699
0.142042573563415
0.192100030942569
0.193747999487224
0.180901237985869
0.109853829097276
0.0866902641547483
0.176689782473207
0.163375245444787
0.147915118712466
0.168780734332348
0.104488304617258
0.162936152117939
0.118385022419469
0.165123536670279
0.11955942753754
0.141745089709094
0.122411332829012
0.128389149839493
0.110876382476085
0.140798249977875
0.155689219333366
0.169121911418425
0.117292418071496
0.136199710626903
0.159150169893708
0.134763972263994
0.14411627009294
0.233426880806312
0.140437104923404
0.168251840034867
0.159687874464091
0.115452079174115
0.157340533015819
0.154767197529215
0.202794047422593
0.183024557464827
0.13628327144803
0.161762980100253
0.15686095962713
0.111560464085276
0.140976863929876
0.159493645351706
0.126655097757862
0.198498948831371
0.198321606114561
0.190611743737965
0.112155216576417
0.181025339894958
0.149375599158562
0.112927048007501
0.197779453527364
0.127560283403318
0.173778369352465
0.130418903301713
0.216155966150479
0.165490007577351
0.150719298290313
0.124183739244976
0.0997608964941089
0.195415153711912
0.140310004212481
0.146206938946966
0.114462771129361
0.175232563797823
0.112522397715988
0.158671946841528
0.172081255257284
0.116923715455159
0.131553945263582
0.159576291983366
0.150060983124461
0.144835748602234
0.111024979309106
0.137232639179474
0.135249562652466
0.18811728457707
0.18461066790171
0.182791551372175
0.133605785434007
0.125213447918708
0.0760401408817035
0.174199344974921
0.199183808137253
0.192722881139746
0.166782622751667
0.1709308456837
0.155945771203908
0.108410188375095
0.144519707699494
0.101813080116477
0.154047165254348
0.175032524342728
0.136552495881355
0.19315732867301
0.269469371772881
0.159867191805681
0.0847708151717542
0.135265266026994
0.181743720496747
0.103028802642118
0.15235775927469
0.114115244747811
0.169855803953147
0.173866420809313
0.161142791951668
0.22553263992689
0.145874402539145
0.132652928467285
0.165933383099308
0.16518347597565
0.203563575139396
0.127934609048725
0.152199660371184
0.113673186486707
0.144878893473288
0.138924240832557
0.177877674774985
0.100148115620169
0.151991167139997
0.124531076958096
0.129297569521236
0.0915293286129197
0.161433311726265
0.152579716826038
0.148918786426276
0.133124358512025
0.12914212661751
0.158302295730488
0.170882040558792
0.100216937696321
0.224660149159881
0.164955521355845
0.168813206560724
0.116051792293386
0.122558409093103
0.144988564222047
0.153814519527422
0.129094345209584
0.166686110657418
0.168519482420007
0.141851147216294
0.155235596344535
0.170021853324602
0.181229858254513
0.135105962493005
0.151128786496157
0.128098085477776
0.104639044184272
0.178312039289832
0.121596515900421
0.155591546120323
0.167738203729365
0.101480580299782
0.140683809451791
0.182210126201333
0.198009137883883
0.102290416232026
0.182858996599876
0.168241462830374
0.121902731409364
0.147430568876953
0.215625985369856
0.179656801219358
0.160344057419032
0.164778369764309
0.15416737505149
0.130086060586026
0.143784302141395
0.172086738816548
0.0909933806137976
0.116074451281117
0.185113656272791
0.148837652698525
0.209970800520787
0.186290624440575
0.173508637661228
0.155622205109499
0.0929145743229515
0.172288894351782
0.146232451875258
0.164544609976006
0.116079920517906
0.113618192809316
0.132141068733559
0.147122262582292
0.0957762805842369
0.184756910815667
0.277755147439064
0.134125666073831
0.21293494198937
0.189885231040682
0.1908049548631
0.197269431698867
0.188313664820621
0.179243393730076
0.134462916929213
0.18031241572587
0.288877763776571
0.119163910383736
0.142653829336671
0.134501871206954
0.179569979809217
0.151044469988573
0.161445265855393
0.128038024517827
0.0761830284660343
0.148364305904135
0.135942211815126
0.132147847292735
0.0892187637328734
0.188534972925469
0.153667707937497
0.153092862520717
0.102117924240302
0.143870066872309
0.0926018010039454
0.17474726635032
0.125377181090655
