0.293242
0.165406
0.226911
0.170888
0.429765
0.568287999999999
0.088743999999999
0.396425999999999
0.377857999999999
0.18981
0.277008
0.534254
0.585414
0.360293
0.149970000000001
0.075446
0.183212000000001
0.0168970000000012
0.0852049999999999
0.600399
0.645680000000001
0.158783
0.225896999999999
0.255166
0.447453
0.808472000000001
0.0308129999999992
0.152664
0.938958
0.401458
0.0390980000000012
0.185275
0.773676999999999
0.896686
0.108611
0.769308
0.101535
0.063039999999999
0.168905
0.593523
0.113013
0.0078109999999997
0.287950999999999
0.526222999999999
0.379870000000001
0.0187630000000009
0.316481999999999
0.358749
0.445586999999999
0.0108190000000008
0.927389700000001
0.808991999999999
0.215797999999999
0.9722511
0.361307999999998
0.9416075
0.123494
0.322656
0.12643
0.318044
0.123157
0.660995
0.544924000000001
0.396289999999999
0.813505999999999
0.652598
0.540814
0.528017
0.674594000000001
0.718037999999999
0.285787
0.180545999999999
0.0197400000000006
0.9606496
0.159221
0.0661279999999999
0.510926
0.632614
0.0398669999999992
0.475751
0.509868
0.316973
0.351612000000001
0.144691000000002
0.931914299999999
0.286154
0.9508631
0.575462
0.153074999999999
0.746955
0.194097
0.780578
0.282230000000001
0.286552
0.248761000000001
0.0778740000000001
0.112161999999999
0.095483
0.223833
0.0847780000000014
0.733417
0.622581
0.275626000000001
0.104485
0.104927999999999
0.550296
0.99714868
0.397734
0.512038999999999
0.507819
0.487454000000001
0.147137000000001
0.223673
0.259971999999999
0.0231360000000003
0.72888
0.9615087
0.450209
0.653294
0.286775
0.559175
0.306415
0.838972
0.570006
0.381227000000001
0.42628
0.414575000000001
0.0649150000000001
0.102801000000001
0.9822409
0.0163089999999996
0.633016
0.221192
0.847084
0.431386000000001
0.738101
0.750268
0.425624
0.237230000000001
0.113651999999998
0.151204
0.202618
0.169404
0.031016
0.0908910000000004
0.0222790000000003
0.768234000000001
0.820336
0.567493
0.522975
0.846224000000001
0.650238
0.54312
0.191003000000001
0.315836
0.0363230000000006
0.251397999999999
0.241572
0.601089
0.0632110000000004
0.0867370000000013
0.434251
0.537818000000001
0.750529
0.67843
0.617774
0.215753
0.460512999999999
0.367354
0.479602
0.623411
0.604501
0.326725000000001
0.644971999999999
0.719289
0.119129
0.668848999999999
0.195638000000001
0.0329689999999993
0.9315334
0.9418265
0.75949
0.103166000000001
0.177888999999999
0.805416
0.085287
0.158423000000002
0.37261
0.0253530000000002
0.541667999999999
0.00040200000000049
0.182403
0.420751000000001
0.0762570000000005
0.657701
0.611464
0.851515000000001
0.319416
0.011835000000001
0.106421999999999
0.306863
0.511842
0.593351
0.684572
0.571198
0.579666999999999
0.120354
0.163889999999999
0.648671
0.688318
0.157354000000001
0.015313
0.0473659999999999
0.820844999999999
0.0614609999999999
0.286784
0.313839999999999
0.815941
0.516229
0.207617
0.0881179999999992
0.0407780000000001
0.17142
0.669993000000001
0.961838
0.0901250000000006
0.148611
0.9103816
0.359025
0.286326
0.287084
0.282855
0.146546
0.206396
0.240615
0.812826
0.0259590000000001
0.155377000000001
0.179398
0.641297
0.164796
0.596113000000001
0.257456
0.538543999999999
0.122822
0.0976880000000001
0.413377
0.165282000000001
0.840155
0.702133
0.710916
0.9595526
0.506556
0.405311000000001
0.134728
0.0295490000000002
0.0574869999999993
0.606422
0.423801000000001
0.214248000000001
0.600251999999999
0.379101
0.222595
0.476156
0.47677
0.9155404
0.0844669999999996
0.309323
0.9449216
0.198577
0.180157
0.660796
0.623745000000001
0.180394999999998
0.564633999999999
0.116838000000001
0.403976000000001
0.29491
0.406887
0.136130000000001
0.550881
0.167454
0.646023
0.383893
0.0986750000000001
0.195011
0.885384
0.341132
0.0221130000000006
0.677835000000001
0.0474269999999993
0.494546
0.966098200000001
0.157065
0.443834999999999
0.196304000000001
0.570055
0.470609
0.650776
0.273587999999999
0.0641369999999994
0.353818
0.745349
0.422632000000001
0.0473789999999997
0.114449999999999
0.674308
0.46977
0.194224
0.465807999999999
0.0435550000000008
0.348142
0.678077000000001
0.064215
0.175143
0.0995039999999992
0.860573
0.399109
0.33589
0.844328
0.781253
0.785065
0.0980749999999999
0.525664
0.846359
0.36643
0.163969
0.138579000000001
0.859136
0.570085000000001
0.0854400000000012
0.83565
0.556136
0.143018000000001
0.835452
0.224384
0.209358000000001
0.704126999999999
0.181557
0.0586130000000001
0.420309
0.681401
0.195651000000001
0.646618999999999
0.0614349999999995
0.124764000000001
0.614718
0.949334
0.131958
0.444071
0.115846
0.232187
0.891355
0.608804999999999
0.599812999999999
0.860904
0.467506
0.442692
0.795622000000001
0.519973000000001
0.0696299999999999
0.360015
0.503487999999999
0.140763
0.197041999999999
0.481841000000001
0.787424
0.171866000000001
0.534818
0.245323999999999
0.340935
0.575721999999999
0.746453999999999
0.768587000000001
0.365622
0.145663000000001
0.0359109999999999
0.836596
0.882444
0.462848
0.0759510000000007
0.527175
0.74936
0.439646
0.10636
0.101866
0.419121999999999
0.418217
0.29443
0.381850000000001
0.0892930000000006
0.554998999999999
0.654171
0.202218000000001
0.272165
0.138668999999999
0.9026378
0.378056
0.9223026
0.290885000000001
0.841668999999999
0.89305
0.755988
0.393268
0.0979360000000002
0.333723
0.0820630000000002
0.158786999999999
0.10041
0.588808999999999
0.973453200000001
0.0285400000000002
0.482056000000001
0.362516
0.00465999999999983
0.748081
0.60783
0.621891000000001
0.122263
0.326337
0.208243
0.54578
0.395815
0.344332
0.00946300000000041
0.203187999999999
0.519335
0.12481
0.00713500000000007
0.830564
0.188509
0.393599
0.33267
0.618619
0.134023
0.005985999999999
0.77117
0.554221999999999
0.518653
0.112658
0.318837
0.42758
0.393445000000001
0.0698849999999991
0.822516
0.0790260000000009
0.116583
0.371261
0.514607
0.527665
0.221147
0.198923
0.370687000000001
0.299377
0.174809999999999
0.512825999999999
0.152781
0.187607999999999
0.733446
0.800806
0.0116430000000003
0.298994
0.325224999999999
0.117438999999999
0.227623000000001
0.589106
0.338053
0.0833199999999994
0.809959000000001
0.418449999999999
0.00206999999999863
0.671874999999999
0.015975
0.60514
0.229009
0.110681
0.910101799999999
0.383787999999999
0.109915
0.22848
0.147381
0.475289
0.546895000000001
0.326804000000001
0.863952
0.153506000000001
0.0998589999999993
0.338117
0.205215
0.0183199999999998
0.305447
0.363337
0.372748999999999
0.185307999999999
0.551538
0.0635979999999995
0.548993999999999
0.524384
0.355502
0.103838
0.166669
0.609145999999999
0.6358
0.188682999999999
0.560682
0.0390010000000006
0.385294000000001
0.636018
0.118959
0.0794249999999994
0.118625
0.357519
0.0499270000000007
0.667849000000001
0.236096000000001
0.694332
0.297644
0.735022
0.8827
0.109287000000001
0.29767
0.406482
0.23632
0.149924
0.535081999999999
0.116038
0.110604999999998
0.562230000000001
0.457788
0.0221819999999986
0.465459
0.0782970000000001
0.883084
0.196052
0.0635889999999989
0.17364
0.565690999999999
0.9493339
0.158786
0.486354999999999
0.281322
0.898713
0.280342000000001
0.885334000000001
0.0234399999999997
0.699476
0.344720000000001
0.053316
0.196904
0.0834490000000003
0.810680000000001
0.274419999999999
0.435774999999999
0.846441999999999
0.607407000000001
0.278559
0.610197
0.471013
0.514846000000001
0.771156
0.0619779999999999
0.676964
0.00851599999999934
0.0412590000000001
0.45833
0.307598000000001
0.0356629999999987
0.668584999999999
0.170788
0.273953000000001
0.735282000000001
0.226694
0.497105000000001
0.289584
0.653001
0.731123000000001
0.654828
0.248277999999999
0.307574999999999
0.9003367
0.0723359999999998
0.285239
0.231023
0.0175989999999997
0.194917
0.412683
0.583656999999999
0.536368000000001
0.55269
0.208318000000001
0.362384
0.583472000000001
0.542381
0.277333000000001
0.260651
0.559697
0.531387
0.615511
0.622709
0.369419
0.597165999999999
0.158307999999999
0.946953
0.410934000000001
0.139709
0.019480000000001
0.134787
0.0623320000000004
0.326158
0.0424280000000004
0.117924000000001
0.770324
0.0454799999999992
0.769826
0.958357
0.171735
0.575478000000001
0.364306999999999
0.400688
0.929852200000001
0.692769
0.388303
0.522990999999999
0.0243960000000001
0.160970000000001
0.491064000000001
0.70378
0.527733
0.295584999999998
0.678966
0.389071
0.127841000000001
0.382213
0.278766
0.797263
0.877536
0.440177
0.136106
0.610229
0.9215419
0.606525
0.0696010000000007
0.313334
0.12777
0.291883
0.533314
0.00999400000000059
0.608881000000001
0.303219
0.511064
0.259832
0.9779
0.233606
0.658335999999999
0.126555000000001
0.157551
0.226313
0.202181
0.125079
0.214795
0.301041
0.027631999999999
0.0498439999999992
0.806856999999999
0.287891
0.0843919999999993
0.139319
0.738502
0.0369989999999994
0.675667000000001
0.0631040000000003
0.108311999999999
0.373288
0.551884
0.288356999999999
0.781006
0.241592
0.00735600000000046
0.196821
0.566054
0.520994
0.377334
0.184529
0.218503
0.22009
0.305408999999999
0.414235999999999
0.542876000000001
0.0363680000000002
0.232128000000001
0.456342
0.678693
0.395537
0.735653000000001
0.849612
0.0358899999999998
0.446258
0.146449
0.641025000000001
0.41971
0.685798999999999
0.191192
0.425512999999999
0.0105579999999997
0.761217
0.443465999999999
0.877187
0.478838
0.9298903
0.703218
0.658814
0.0901610000000006
0.503024
0.478582000000001
0.609728
0.275686
0.0958699999999996
0.179030999999999
0.436892
0.293013999999999
0.345986
0.626312999999999
0.108633000000001
0.149198999999999
0.313996999999999
0.624626
0.9843587
0.104795999999999
0.554893
0.968871599999999
0.405581
0.784009999999999
0.671959
0.414829000000001
0.602699000000001
0.113943
0.423419999999999
0.285287000000001
0.534964
0.630826
0.823387
0.173741
0.601660999999999
0.204135
0.665211
0.454842000000001
0.541997
0.255176000000001
0.191386000000001
0.318792
0.0506509999999998
0.387687999999999
0.927742600000001
0.190797000000001
0.973827
0.51799
0.218637
0.167595
0.0899439999999998
0.462394
0.304985000000001
0.836837
0.0666210000000008
0.9576263
0.00836699999999987
0.121002
0.47835
0.626011000000001
0.411802
0.158398
0.326597
0.467072
0.295714000000001
0.342506999999999
0.770926000000001
0.61224
0.534505
0.0392030000000003
0.280937999999999
0.412048
0.180546000000001
0.585323999999999
0.0546340000000001
0.974644799999999
0.659853
0.457431000000001
0.835311999999999
0.259603
0.108162
0.462642
0.167108999999999
0.462357
0.121326000000001
0.147074
0.185244999999999
0.839735
0.399026
0.9327362
0.868918
0.0333509999999989
0.689695
0.243528
0.9714423
0.880935
0.583673
0.574019
0.304030999999999
0.0893939999999994
0.134905999999999
0.9021019
0.0215189999999994
0.280553000000001
0.0232380000000002
0.192074
0.726367
0.213195
0.889299
0.9029985
0.722353999999999
0.487929
0.274278
0.221143
0.202677999999999
0.0794299999999997
0.715466
0.142756
0.0647549999999995
0.783402000000001
0.358681000000001
0.441878
0.751303
0.0169240000000002
0.9197865
0.177549000000001
0.0157519999999997
0.363859000000001
0.00448600000000112
0.851654
0.215395
0.323857
0.460514000000001
0.99247718
0.0128960000000002
0.066133
0.267822000000001
0.221249
0.527307
0.325311
0.127202
0.199663999999999
0.402687000000001
0.687604999999999
0.918759700000001
0.423309
0.310818000000001
0.335101999999999
0.296843000000001
0.824783
0.62627
0.397409000000001
0.0486259999999999
0.112450999999999
0.0312990000000011
0.00930900000000082
0.273348
0.444795
0.437076000000001
0.330983
0.309105
0.597488
0.301431
0.116364999999999
0.376242000000001
0.210694000000001
0.174572
0.023271
0.9756909
0.9119375
0.0742360000000008
0.378879
0.193145
0.417004
0.670655
0.236245
0.808139
0.0326450000000004
0.179013000000001
0.818220000000001
0.313607
0.341509
0.580738
0.867049000000001
0.814576
0.658148
0.0429850000000008
0.162840000000001
0.541251999999999
0.0203409999999998
0.570739
0.164129999999999
0.359711
0.443772999999999
0.344322000000001
0.542983999999999
0.351908
0.313707999999999
0.0530990000000001
0.870676
0.214115
0.476366
0.405219
0.0338009999999998
0.9294858
0.413113
0.719051
0.353576
0.239414
0.633335999999999
0.591886
0.751231999999999
0.205559
0.409541
0.0702340000000009
0.0692429999999997
0.536405999999999
0.539497999999999
0.241628999999999
0.530447000000001
0.0697799999999998
0.0479760000000004
0.392536
0.190521
0.850461
0.128907
0.0468360000000001
0.629212999999999
0.34927
0.599209
0.226522000000001
0.392077
0.537209
0.139518999999999
0.087112
0.827482
0.0114410000000002
0.684506
0.148135
0.285662
0.340964000000001
0.0216869999999993
0.866382
0.428688
0.350901
0.285754
0.492942999999999
0.786424000000001
0.0274659999999999
0.580125
0.0469370000000011
0.457932999999999
0.501817
0.0998970000000006
0.157877
0.0153550000000001
0.509373
0.1314
0.440549
0.579156999999998
0.55607
0.9931836
0.596596000000001
0.866625
0.421847000000001
0.127349000000001
0.1916
0.347681
0.638394
0.370372999999999
0.609897
0.99040513
0.556515
0.465722
0.19308
0.599849000000001
0.671538000000001
0.320980999999999
0.401408000000001
0.132172000000001
0.326076000000001
0.864489999999999
0.420024999999999
0.227744
0.757336
0.304851
0.328802999999999
0.00813199999999949
0.401071000000001
0.097073000000001
0.270223
0.0206380000000006
