0.664696999999999
0.9573607
0.659986
0.579693
0.882265
0.669854
0.9831197
0.844302
0.896997
0.114586
0.983596200000002
0.9108458
0.480052
0.707855
0.99033498
0.733869
0.758549
0.844738
0.718587
0.974226
0.9655955
0.370394000000001
0.999492295
0.973225500000001
0.563125000000001
0.873714
0.9782668
0.865104
0.193886999999997
0.722206
0.9070994
0.184019
0.531887000000001
0.579863
0.912558
0.792943
0.99491212
0.84276
0.9648195
0.9811302
0.859767
0.864319
0.9539582
0.778953
0.920206
0.9130536
0.896091
0.9593107
0.718979
0.9970008
0.807522
0.9614505
0.945908
0.686654
0.731635
0.9256941
0.697766
0.889174
0.871509
0.983458
0.567481
0.563387
0.9651651
0.903313
0.773701
0.99557297
0.9121303
0.9502268
0.9504068
0.687408
0.99416518
0.945203
0.9111493
0.628038
0.578925
0.742409
0.526921
0.9743469
0.787938
0.681487
0.9075608
0.9796156
0.9394163
0.836026
0.74943
0.9060876
0.609603
0.793597
0.796977
0.646567
0.9538269
0.302929000000001
0.616834
0.811709
0.9367099
0.815654
0.671166
0.861585
0.776499
0.648173
0.682269
0.77846
0.579319
0.9814184
0.604949
0.9760937
0.545536999999999
0.59798
0.708776
0.778099
0.735114
0.632563
0.785261
0.423473
0.9065621
0.573598
0.503848
0.524735
0.475414
0.699594
0.9415042
0.733605
0.650371
0.596909
0.848113
0.60465
0.873524
0.9179979
0.594363
0.668419
0.586527
0.163138
0.746731
0.485965
0.730941
0.864446
0.628727
0.681973
0.558328
0.674347
0.822736
0.599986
0.9808623
0.514987
0.842909
0.755376
0.9221003
0.896333
0.999678803
0.685509
0.636981
0.9798454
0.798561
0.682553
0.750101
0.724545
0.9565299
0.826502
0.686204
0.595149
0.682251
0.589822
0.83778
0.556355
0.730919
0.830869
0.892741
0.9387523
0.721589
0.736665
0.736204999999999
0.547068
0.638152
0.83967
0.9339838
0.9074277
0.650541
0.826139
0.9674226
0.9021242
0.387222
0.949486
0.54518
0.773271
0.226375
0.687064
0.785353
0.815041
0.99021788
0.783201
0.665801
0.566777
0.756643
0.796768
0.863694
0.9380954
0.9114419
0.866356
0.670738
0.9368716
0.735723
0.734524
0.526772
0.763173
0.9395336
0.59751
0.830481
0.784713
0.9717703
0.715196
0.438193
0.795873
0.511554
0.675822
0.609495
0.508229
0.740989
0.677099
0.464517
0.559016
0.879018
0.859547
0.852202
0.662199
0.425862
0.752188
0.857453
0.724888
0.9594595
0.68987
0.876071
0.771516
0.581159
0.830255
0.233752
0.706028
0.9131117
0.800953
0.603092
0.617904
0.833538
0.802749
0.644241
0.999934007
0.9067743
0.5403
0.749339
0.9797418
0.833637
0.9716994
0.715657
0.500412999999999
0.9265771
0.57069
0.9525092
0.854186
0.720456
0.521916
0.814482
0.719374
0.9188958
0.884417
0.9298535
0.9064542
0.9666234
0.780879
0.441228
0.894446
0.815743
0.544204
0.391975
0.870012
0.772936
0.9800358
0.885608
0.526247
0.69585
0.787957
0.883854
0.499897
0.91424
0.795308000000003
0.837539
0.56207
0.89299
0.645748
0.9020291
0.9169337
0.627096
0.604351
0.672582
0.474691
0.769843
0.315201
0.663196
0.9064835
0.9247541
0.885536
0.845549
0.911757
0.63236
0.508525
0.702172
0.9368191
0.736259
0.549693
0.999319553000001
0.814779
0.609998
0.9227267
0.760613
0.645096
0.767632
0.515528
0.873708
0.549915
0.960996
0.558216
0.9083085
0.407841000000002
0.42906
0.738064
0.866242
0.851486
0.706233
0.607301
0.96885
0.556855
0.9635023
0.482341
0.493389
0.9135164
0.399787
0.766855
0.547863
0.613216
0.602881
0.373072
0.77213
0.9101251
0.9523865
0.909752
0.895776
0.816769
0.713613999999997
0.567531
0.599035
0.9146369
0.9815056
0.877959
0.67232
0.642598
0.691764
0.9130955
0.99138442
0.579673
0.19027
0.429719
0.727504
0.824504
0.587758
0.871533
0.594954
0.9575776
0.793035
0.507789
0.997253259999999
0.197608
0.9445234
0.537371
0.9046924
0.700124
0.714574
0.899073
0.877321
0.787478
0.618544
0.65114
0.542316
0.453785
0.624056
0.886067
0.652582
0.630458
0.9772436
0.515393
0.84392
0.653709
0.803475
0.342862
0.88618
0.784344
0.61741
0.876238
0.705436
0.281848
0.623386
0.567467
0.99464598
0.720634
0.9117988
0.9812556
0.706621
0.9879789
0.285694
0.632357
0.9249345
0.792631
0.621001
0.427567
0.9272937
0.9114106
0.9808147
0.89378
0.754559
0.82914
0.489492
0.653655
0.449206
0.9457047
0.753459
0.526533
0.44576
0.888197
0.759614
0.99564385
0.31573
0.9896054
0.911655999999999
0.870234
0.835621
0.845123
0.577733
0.404329
0.9629012
0.589912
0.55221
0.636768
0.557839
0.9147854
0.9889479
0.611729
0.83133
0.672567
0.649369
0.999065456
0.9253718
0.810806
0.679573
0.712411
0.811895
0.735216
0.772595000000001
0.0800919999999959
0.808982
0.757405
0.9793754
0.78196
0.364754
0.876534
0.638142
0.860585
0.906564400000002
0.9821451
0.631786
0.858111
0.834351
0.9128548
0.9842218
0.787699
0.469783
0.807371
0.131714
0.717912
0.816885
0.500917
0.559802
0.502884
0.736037
0.613806
0.00306500000000027
0.886458
0.778791
0.910737
0.9520519
0.613742
0.9711866
0.9581472
0.663698
0.897127
0.549364
0.9378169
0.99603996
0.9842565
0.81493
0.637511
0.739761
0.9677832
0.9623853
0.5746
0.835418
0.512302
0.49199
0.866692
0.63386
0.773471
0.980162
0.9512244
0.767523
0.382305
0.9048631
0.417125
0.685106
0.741732
0.724365
0.9025675
0.9539069
0.874426
0.623458
0.9871258
0.782439
0.43237
0.787939
0.746978
0.886787
0.537652
0.99551744
0.9513092
0.737367
0.57224
0.470969
0.628261
0.814871
0.867376
0.803147
0.550487
0.9307136
0.853989
0.786117
0.9857107
0.843529
0.344038
0.720602
0.629578
0.830529
0.999340465
0.535727
0.9533638
0.931145
0.295752
0.813621
0.778629
0.809208
0.768327
0.708663
0.755607
0.722937
0.9249373
0.879444
0.690923
0.9289378
0.668519
0.450281
0.99252145
0.946416
0.588688
0.52309
0.714411
0.9745272
0.397095
0.9360953
0.9790655
0.728449
0.730683
0.548968
0.99342903
0.734099
0.796181999999998
0.831876
0.793181
0.531515
0.895762
0.9657525
0.9106504
0.870159
0.9502203
0.677348
0.400091
0.543628
0.757732
0.531617
0.515168
0.355869
0.628598
0.710255
0.9595517
0.668078
0.576952
0.9480731
0.9683949
0.821691
0.820819
0.733111
0.680877
0.48133
0.9414119
0.554232
0.478174
0.235724999999998
0.795615
0.303072
0.853123
0.740387
0.410004
0.81252
0.9066803
0.770108
0.9061974
0.9798704
0.683192
0.779839
0.351417
0.352253
0.903874
0.418624
0.404158
0.802749
0.51413
0.33028
0.716481
0.40907
0.732956
0.846096999999999
0.515189
0.805632
0.730348
0.608798000000001
0.813843
0.659388
0.755608
0.851241
0.560222
0.9277802
0.584151
0.774643
0.709592
0.800431
0.642026
0.594966
0.473014
0.866092
0.801679
0.654036
0.789799
0.568268
0.617222
0.9006777
0.878558
0.484205
0.9107128
0.869701
0.852755
0.99377428
0.298779
0.504221
0.870166
0.393979999999999
0.522902
0.9679195
0.775212
0.698014
0.678075
0.99526449
0.856338
0.770192
0.727674
0.89027
0.831862
0.588125
0.599299
0.6055
0.859431
0.891872
0.815841
0.557983
0.667187
0.9074387
0.542111
0.9504756
0.465442
0.794343
0.318726
0.622559
0.610421
0.55912
0.977224
0.983695
0.600879
0.636458
0.81441
0.9650227
0.773806
0.792077
0.9021498
0.825941
0.87218
0.847136
0.9125296
0.67894
0.610297
0.859898
0.729573
0.9556898
0.759229
0.870222
0.782671
0.882988
0.425988
0.545558
0.9670548
0.864418
0.320128
0.639851
0.728363
0.556761
0.551432
0.280288
0.721502
0.702564
0.9156182
0.795158
0.802779
0.89954
0.618725
0.677873
0.697134
0.759355
0.670727
0.484045
0.674151
0.635756
0.559715
0.720547
0.725869
0.775052
0.333255
0.619901
0.624576
0.436132
0.863736
0.579214
0.835728
0.336757
0.486567
0.5492
0.831673
0.9180196
0.637921
0.759789
0.853029
0.835794
0.771688
0.645004
0.706537
0.653352
0.9035922
0.59363
0.71059
0.86468
0.5622
0.603751
0.64423
0.849537
0.561639
0.838022
0.671768
0.9444288
0.829623
0.733131
0.350118
0.740968
0.475669
0.870977
0.676559
0.35786
0.424468
0.474728
0.9743181
0.756509000000001
0.891157
0.163819000000001
0.9601184
0.40353
0.402996
0.9791856
0.788376
0.584342
0.656478
0.713927
0.640453
0.576337
0.538233
0.9578015
0.623639
0.799752
0.9021171
0.744374
0.697202
0.645503
0.9221838
0.734891
0.626181
0.406248
0.872664
0.892392
0.55778
0.699757
0.9782502
0.52808
0.751871
0.690758
0.795236
0.242535
0.913946
0.9320159
0.9330191
0.610243
0.799581
0.9576956
0.938057
0.0173620000000011
0.940674
0.9632454
0.9554772
0.698455
0.788956
0.987672
0.953989
0.846456
0.9527513
0.621026
0.482498
0.746169
0.568384
0.847418
0.968323
0.778341
0.677365
0.551031
0.649234
0.458665
0.880585
0.745708
0.689814
0.844888
0.460408
0.506396999999985
0.797604
0.767704
0.40004
0.827083
0.789107
0.753977
0.841447
0.83218
0.664553
0.642858
0.713345
0.696728
0.9022011
0.9640873
0.732177
0.559641
0.877747999999999
0.545797
0.746231
0.540872
0.772291
0.688112
0.739154
0.9699142
0.839476
0.76793
0.588671
0.624905
0.590939
0.9064238
0.536708
0.9228258
0.0805459999999994
0.42948
0.543596
0.466278
0.374034
0.801793
0.9592169
0.628455
0.813807
0.897906
0.9491357
0.653337
0.867865
0.780528
0.9772621
0.689477
0.890516
0.618598
0.0521610000000008
0.495271
0.387877
0.48703
0.9754008
0.280711999999999
0.9841344
0.451318
0.780117
0.703986
0.99882153
0.9342538
0.699288
0.59934
0.9499022
0.220888999999999
0.718339
0.695705
0.718881000000003
0.587524
0.61019
0.703983
0.769045
0.761659
0.9294092
0.576547
0.9626767
0.662813
0.866665
0.826596
0.401745
0.83497
0.819073
0.863286
0.701929
0.852468
0.829355
0.805863
0.797422
0.599951
0.9574693
0.831845
0.9508953
0.713496
0.608928
0.253931
0.9605011
0.790701
0.9248068
0.61648
0.898436
0.925544
0.873304
0.769069
0.836619
0.800273
0.9744868
0.725754
0.405079000000155
0.650088
0.871863
0.858267
0.751202
0.582037
0.99777142
0.9967189
0.431532
0.860457
0.555368
0.850747
0.467222
0.99187925
0.530128
0.835348
0.830923
0.623161
0.660211
0.853462
0.57199
0.652197
0.723318
0.491632
0.774059
0.825709
0.348578999999997
0.75717
0.296001
0.643713
0.9777382
0.83549
0.62684
0.847775
0.634506
