0.66708613813262
0.552258185839717
0.578076874393485
0.785505306598715
0.463666919994658
0.814140212623597
0.689371536492632
0.736532878062147
0.758181914909052
0.778426250285276
0.827451142791081
0.728711297275448
0.417287789323897
0.790876790878882
0.764855821346859
0.681253565975731
0.646630622990212
0.708536386317532
0.761099896078455
0.803243336835602
0.723144305493647
0.369084377393536
0.695084766434931
0.832621136268154
0.751954597769576
0.791739557821429
0.799227427139633
0.704914646561518
0.681015646182555
0.755266062500153
0.761358727946563
0.643412400690354
0.367913520456215
0.556596076762087
0.813313021790104
0.765254358639696
0.585385674245817
0.787346251339719
0.532579227820884
0.762170903988394
0.530406198638178
0.699199268452621
0.671819106691608
0.780682997010709
0.737315628406688
0.787867731287813
0.571045576407507
0.266082517278252
0.711127095411832
0.768541021474764
0.780425842121789
0.656604019793344
0.778119966096731
0.733147604065763
0.449245797194678
0.436943594698486
0.704104368307211
0.723541543412271
0.783294145691346
0.690330572114268
0.77592844050676
0.650923307850735
0.816753830761168
0.29318681567231
0.562200380885669
0.418138485367928
0.69217130051469
0.749329456295591
0.80197784528133
0.364908394386806
0.569873973074111
0.477748427239389
0.785967608337846
0.712076933043491
0.702935296336895
0.80468292225599
0.808474615225502
0.60147454418651
0.715241688616786
0.68883025067835
0.641010913268237
0.584529542026914
0.632512365958885
0.755032850094802
0.702741025008398
0.229097558474877
0.544773775327649
0.821874838574072
0.559992783881656
0.827467814120724
0.654601911433022
0.804690551710129
0.540223543313241
0.756071978280649
0.750997255989761
0.813297337059918
0.807384864302637
0.629588472793273
0.702682694051573
0.616329036218539
0.82182088366151
0.827698796820698
0.48840390716168
0.792177995390508
0.831571571976204
0.799738458426705
0.645854729610086
0.558282425382859
0.821208274481057
0.746011749496468
0.688247232414806
0.818003461574161
0.430706766163943
0.721820407254924
0.767866179495155
0.773331036421169
0.48578398402228
0.78909761195226
0.816754502341877
0.713840122476428
0.762825788426373
0.360136367737308
0.348501945373191
0.727653269931015
0.644917887261429
0.77537529173134
0.561499671124753
0.569966457383676
0.642512422693311
0.766052867373031
0.825582206594388
0.379572935234239
0.667232371634887
0.801408017158347
0.812119424409069
0.583435738714233
0.295982382663144
0.736419683123743
0.252941914739755
0.830495546270478
0.361314975822578
0.439764611499167
0.792532842051103
0.716358726791053
0.641370109633157
0.519505667430653
0.826099961220291
0.157389525340667
0.772339732863442
0.784502264881196
0.723246977165108
0.644030570654592
0.541269673796865
0.611000894697942
0.725376577368284
0.722322494654708
0.729718772382664
0.251501488015042
0.36941299917267
0.812637945312763
0.801260011526919
0.633912849292903
0.681266773336053
0.751711329660316
0.793527073762453
0.700180491344211
0.691033800902181
0.627387051700047
0.828380980493782
0.762151105402738
0.804449554829411
0.603610317230663
0.795615544664135
0.800003599935201
0.80420106201344
0.675373158554242
0.732435744444028
0.797183692757632
0.213730776700327
0.243132372363735
0.824200861064183
0.671462223083721
0.720070654166888
0.535538287901237
0.53743749624168
0.655128412935444
0.249028806504011
0.688683973762285
0.777572155592726
0.823382403588869
0.639887500855267
0.767791253625359
0.637042037791183
0.723235487852806
0.299631115708644
0.575980121948117
0.788888349381337
0.698701705649644
0.822826345013802
0.255552461962453
0.222500826092872
0.805544320338508
0.830465085131957
0.756690405572763
0.790866731916246
0.272254105578463
0.306826373870127
0.769924005899148
0.274239493709471
0.769758200061705
0.828835999212646
0.777406789092933
0.636425774503994
0.831594263426989
0.36261887158045
0.790034623290619
0.596337978137665
0.766248641320228
0.156592160018083
0.797080392690024
0.466994997748054
0.429993838233391
0.80104372462064
0.711990691539151
0.816670180488207
0.382070274675942
0.764663244870247
0.571921473275058
0.46719265407856
0.807483130709328
0.389418500497319
0.464569205768731
0.796830143905209
0.39330254545984
0.395920043977021
0.148846346337826
0.577082972091705
0.669610437667053
0.236163094456072
0.705124349062
0.691991153985942
0.807582777888952
0.354135342230765
0.612491717010451
0.776130596455252
0.374892168899135
0.272483356237982
0.806922969988106
0.571701458784831
0.331358612435393
0.218613257320031
0.492246605668559
0.798522768941882
0.707397003745318
0.658848614072495
0.143412456324743
0.778659206006304
0.666478783047784
0.321983794056646
0.705555866357697
0.784367041796136
0.759109282482909
0.830542940418898
0.773649138055918
0.685877360238984
0.12537641612491
0.733007246183339
0.764900047255091
0.793499359848016
0.354845369338123
0.26212059163171
0.411176921903806
0.819473729817163
0.805376285489634
0.122247257680995
0.815594440541193
0.810032560419144
0.513528765044123
0.481594532273851
0.137151495489028
0.747877125395833
0.546824371785285
0.819997551966707
0.281093255863943
0.568066275910624
0.385153044629896
0.346067149748661
0.193375353099939
0.725035264227363
0.475286519795865
0.555808251305924
0.275745963551191
0.792419147257857
0.78214789108266
0.653748004722877
0.738784039704826
0.807977018689597
0.758773992941727
0.780128932394044
0.810719700482854
0.544234336473559
0.820232798525909
0.765652096476345
0.370287784779478
0.623553504340428
0.181497924278736
0.759195713683704
0.174619210572798
0.794416770657517
0.732917396692449
0.813579954625361
0.787855130511524
0.743656130079133
0.808537320862731
0.75719669010528
0.582959734762391
0.478481086595086
0.786197784153835
0.715182482583409
0.743230925267361
0.47677235516274
0.737458387154364
0.771359064584205
0.799120146240534
0.511310713535227
0.818510149819871
0.720593124914432
0.563114643086508
0.745138517215893
0.625923501356027
0.791930654648581
0.338374916469833
0.817260812677714
0.790666663875556
0.78396455290384
0.640273536003223
0.738513554149921
0.198354381875113
0.327982280236765
0.749059600854201
0.383245240195141
0.669690103254874
0.815088073550568
0.772463537281849
0.440316467456641
0.814885432594233
0.304107712991752
0.453300669870689
0.310086942843463
0.288464370920677
0.719168964800638
0.789809104628824
0.824907288409213
0.752650963300823
0.580068364870199
0.507241092150843
0.622812311406156
0.716398947272892
0.309080206115193
0.652202946536637
0.700189480248483
0.366431781809243
0.791918531943627
0.412269117269355
0.431461876391852
0.34919560576873
0.717491779010769
0.801023930851836
0.760256812902019
0.714671315622031
0.749979373298297
0.370940205350279
0.782545823031442
0.583152699503118
0.816291626021189
0.210221003856491
0.76690520034498
0.808781517586364
0.802926540868109
0.792044885032015
0.821471928245997
0.550191843178884
0.311402418492426
0.259854117246509
0.364437345915779
0.804692077529433
0.768879109907228
0.719919336768989
0.278623151291481
0.347842107356928
0.829522595075249
0.832957487680615
0.747883481829962
0.829725210544777
0.757913211886461
0.788956961993259
0.779033847595225
0.824456077155065
0.786849918896394
0.797736673375067
0.628292860620974
0.668750227734218
0.822262351433543
0.814535243867608
0.229025642607127
0.811107270292274
0.756647774422221
0.745715302853074
0.145754013034085
0.798414733463961
0.629603564695293
0.273957584602092
0.721663229207547
0.169179207214183
0.387914618986032
0.617977957328138
0.642054321836118
0.741048700970808
0.823572169568316
0.616311370996209
0.789351729948918
0.780313931392041
0.826754328976205
0.749987499374969
0.790724490885005
0.582037650048484
0.813048818562009
0.805330441841496
0.191441570737947
0.817793552807073
0.80532930494775
0.79473410882787
0.202649118568468
0.498526671360457
0.821145918102716
0.428621056913914
0.674122738411804
0.69337568837158
0.696313550185704
0.804292645121896
0.804690551710129
0.673461924027651
0.648329388761311
0.827864295095682
0.240462102856622
0.832233061830505
0.783517451740628
0.769466268304378
0.547947001306433
0.712957939726908
0.725840367812563
0.63686674098794
0.790042117551219
0.533840825288203
0.486675376074453
0.730515604493922
0.389204805736588
0.681010558550512
0.148055948869726
0.374382593822278
0.756084472825371
0.801611706496423
0.217680422452572
0.801346473601926
0.799657414178245
0.289179030212735
0.408550700808275
0.700044693340692
0.171841278412055
0.318642354008904
0.774031725945677
0.783846409905022
0.830288424822015
0.800437839380399
0.730845629202173
0.526367141246791
0.800488006336501
0.370206087462
0.762769523475142
0.104913131819443
0.677395419660168
0.774133292978482
0.444081862281288
0.314423769750594
0.476063434047913
0.759591112564249
0.472504285902677
0.504589973891892
0.750558126192644
0.724022210692483
0.127434675396974
0.825939231904643
0.424275537122138
0.135356483875263
0.61650706969217
0.226448050571732
0.378962606717513
0.527381171811123
0.502341483320975
0.221114647250613
0.779932483285872
0.270173676770139
0.699236361120886
0.31368316732473
0.473721603991295
0.750913524648352
0.831288835201247
0.520321576415171
0.809005395597574
0.716522754718479
0.792105843073175
0.803062767834636
0.706608066517819
0.449646205062925
0.72017561778228
0.69299255506946
0.634796581696005
0.795765816916309
0.609934195898848
0.516270250136654
0.754198897336253
0.410065347061506
0.804246672682819
0.801338975306435
0.751600314970801
0.299907167690436
0.814752722671858
0.161225114597619
0.745846496366876
0.318190340802558
0.693967799291841
0.685186117967058
0.413525509294448
0.430365614134224
0.67331044328506
0.727212714069823
0.689696367895986
0.371326187407664
0.819386347052746
0.668211694210626
0.393835060095192
0.48225640940678
0.807552042738842
0.775627793433972
0.727897820189437
0.51377239685897
0.824498592478712
0.703201564721351
0.477468439093721
0.744476214568433
0.156856694304904
0.771339720577139
0.749092341545541
0.230051994588805
0.787433493254202
0.627435639506725
0.831045406546991
0.687079513095722
0.537721893491124
0.76970941934533
0.830033432423842
0.808026415565218
0.828478120669073
0.638450107922643
0.230742602628553
0.505613755802859
0.322364676225842
0.792285482832395
0.762571822023838
0.567903901827767
0.570590609675452
0.406570451955944
0.525008312354534
0.170123792633853
0.759015820611377
0.575250708269444
0.529825518249823
0.320998593788088
0.728605275370657
0.602808935210194
0.485313948197878
0.652706630872297
0.165653631117115
0.790083987396643
0.701637710606481
0.559242249274953
0.28732036018829
0.430525539505867
0.832243193686976
0.462736476539851
0.760371137182731
0.800339821623597
0.32783276479188
0.815269115951881
0.605444860919313
0.798929096367252
0.67513904049067
0.183219406053488
0.690015716203188
0.449280071373303
0.773146950868167
0.819635230289738
0.807917266124865
0.806614929714196
0.828406895297319
0.185428953113291
0.83307181250626
0.760512312062037
0.774341245681456
0.766819322283678
0.794180240479807
0.829265585917826
0.324438439452795
0.729185905751279
0.806703521861832
0.831757178500586
0.829966384354187
0.403715567555448
0.753988462058871
0.705143477184002
0.382348508618709
0.197208211275532
0.376228051024545
0.546984502339825
0.623818319295487
0.399297658822696
0.428764995632908
0.670549786516262
0.214667498072009
0.830989152883832
0.549143372407574
0.827344489181406
0.779270400381421
0.718672810852478
0.453018979694424
0.148460032545857
0.773347990163303
0.724328809569098
0.800618481470479
0.712495795251006
0.666245022878904
0.746292702109576
0.734595244477591
0.287352357224608
0.689204518966294
0.714796635741115
0.828275178722608
0.591000372189661
0.822948369974168
0.827601366086775
0.225807250779612
0.126300283602928
0.646530698808808
0.492627883142054
0.608067537801886
0.786745371841432
0.176124075714198
0.633556009131784
0.787534206992674
0.767242663488753
0.266066896534515
0.245858443104921
0.694077337249143
0.806385034337614
0.393278987309823
0.69610405397192
0.535203673750163
0.705836498042342
0.533229399079528
0.758375315622244
0.791813264826018
0.778952766627173
0.729505292228958
0.268310529011488
0.680781447017701
0.404173171109549
0.81654809558578
0.826471736584096
0.810112280608476
0.681599643391601
0.506589497264039
0.722737468426729
0.573648037928271
0.755400751408892
0.784125915036278
0.496018292520055
0.789817940299888
0.829717381938804
0.315223271452343
0.42536430466495
0.670627914942953
0.645148469880202
0.819598787703853
0.627471725103935
0.239909610050827
0.699383736660153
0.805550748337945
0.722091759742768
0.821309231522481
0.4129698442609
0.301675977653631
0.757861627605712
0.825420213545995
0.473084081027022
0.66334840410311
0.352519056982855
0.697104623092138
0.192735914856242
0.268658888610167
0.466187231625631
0.730490184452518
0.762820725673708
0.828639776820445
0.540134740521027
0.252297316495069
0.715090786320939
0.260869468809061
0.469231340827787
0.77702461648234
0.828977679877001
0.430417202311823
0.151249106689685
0.673003852014623
0.80467109542403
0.814508754259343
0.793579070569123
0.824354017989661
0.605689117413952
0.262815763652836
0.780739259512627
0.803523607620926
0.81007513427688
0.284599794393981
0.512378277427503
0.772886252350627
0.832677428854443
0.738336342465395
0.222537094698869
0.188024992590728
0.717253742146723
0.66137050130711
0.714390981609635
0.820991278695098
0.821492324169939
0.817453957324386
0.39434536607583
0.236519997068237
0.8046875
0.558378010757912
0.480916949826471
0.196216429979198
0.271405735202615
0.616671713822435
0.324726750679663
0.680012287528159
0.242238820559879
0.393769281925777
0.265655670349893
0.806510159184092
0.80147031087764
0.770971036997339
0.459161267293319
0.156278343774389
0.655402937345362
0.49610692207999
0.703190112669033
0.198922711262105
0.301979168266298
0.574565844444255
0.688521066877642
0.616146417110657
0.432756389857457
0.769860996041609
0.663676753000844
0.610561570215749
0.814840874247328
0.256516631722948
0.727804498302861
0.538849614247702
0.404066649185955
0.710945900634763
0.380779264526764
0.818023995355972
0.677866185613504
0.37275800188298
0.779559427471745
0.616150837366948
0.692263188830385
0.743157062025001
0.817497933164093
0.794869270185889
0.486186377670482
0.724806745537053
0.75064334018233
0.609527528309254
0.434185920848268
0.609009974155559
0.636435027303729
0.29478038756049
0.351394825427917
0.821175023157835
0.584197855292538
0.67525614171822
0.803640505036621
0.158443962887379
0.78090163359742
0.798471608680231
0.812500234374707
0.605740419492194
0.752331182742437
0.725986858329726
0.444421603999276
0.718985876230139
0.236504258397499
0.733635922924891
0.76120942649668
0.754939800962106
0.780578088966808
0.331830397173375
0.251673445258042
0.725190923605825
0.796684328021373
0.830093788228898
0.825179104007944
0.368322776954141
0.343449463992142
0.802455868641054
0.767666089704123
0.544338173980798
0.619292722018967
0.568493091574396
0.494425024747895
0.513450656598339
0.548803652885626
0.828027405552651
0.769606487881301
0.443051454248348
0.478214407961196
0.220931999049537
0.819365467012522
0.755473122828296
0.141102292140313
0.556837771603051
0.830759180468255
0.657773336436188
0.798319192147356
0.598892944526894
0.694105411275274
0.824220329270479
0.414899125683764
0.213724594458803
0.652718691721855
0.760442893179091
0.812078821659043
0.740254342947386
0.216512776717894
0.669381048260448
0.431845298292581
0.708385094978975
0.709419740279364
0.760905689249124
0.519078169034405
0.646341937833986
0.566341133410814
0.756864327863591
0.785891995358138
0.254637459387059
0.189031817525671
0.676220325592841
0.156157309154427
0.344249825078641
0.758150333752539
0.788397854354243
0.206543792038302
0.642347488027582
0.625606984676094
0.814023726852928
0.764318810658446
0.826049443706121
0.692794494877348
0.479444567353366
0.505207689072512
0.491977821783788
0.741408959145201
0.827856590768637
0.826916553008537
0.537582946059051
0.157450580263785
0.65896146946682
0.136151208092536
0.165753862351056
0.72255438627643
0.271703420153569
0.777240680306962
0.75228394205426
0.812442208755573
0.303579947281002
0.818778531055017
0.739994331876435
0.820143237925316
0.712091025301441
0.504155179594994
0.537109899367692
0.688002121585573
0.543570737407117
0.142714833519507
0.284778878662022
0.823003837276808
0.833007698345106
0.683217496531232
0.799099160636293
0.733990200198975
0.595722746659659
0.696955003878976
0.812358095809956
0.620992469120361
0.3138969486939
0.713982535773634
0.551666009110147
0.644517752783426
0.264556089732982
0.710603767360157
0.629278130375467
0.778420849711726
0.719887955182073
0.820478711467999
0.489479968980803
0.747565904231553
0.636059249554173
0.503298100611937
0.701671534392797
0.830116302379391
0.240830561732242
0.832995427414803
0.756706388403653
0.699138633908881
0.745885892601214
0.812595107982699
0.711947551410161
0.779848667974366
0.76152831731996
0.806397778995321
0.329137760889939
0.222674884547787
0.765845251810016
0.598437117260377
0.302814259958253
0.830301672716412
0.772781495324979
0.608685614109231
0.803691001784449
0.610840429009511
0.304050564902156
0.439919930953329
0.607188451340469
0.715765358618847
0.347675768764107
0.577811459041379
0.661420948563071
0.83069241722129
0.264073310073144
0.769839808506721
0.362672086503243
0.789273605043947
0.336243242956213
0.627120287266531
0.183893984564171
0.48106941215543
0.564873073475533
0.829805774349688
0.185393121133672
0.561203355916734
0.821943980014992
0.502086258576564
0.801621939026519
0.259373370621415
0.730551910521678
0.308659864801523
0.793530057894172
0.61546448045406
0.71045713028271
0.0989245664700821
0.803022811928151
0.829818228850235
0.279754252150834
0.725048872562902
0.301303209254099
0.3536836798666
0.705164341396106
0.518473754411984
0.619958271418202
0.744891451312534
0.536526357746035
0.749673950320292
0.781843725934636
0.810694259871348
0.150662313527911
0.545309871322694
0.596686375259129
0.779615296461503
