0.254202753930911
0.31579581157564
0.271537892777662
0.277022547497811
0.376335810735381
0.231054923439983
0.26110540109785
0.332042840100407
0.239837386013616
0.282305750668712
0.37198789695075
0.326204577766099
0.475884117978485
0.343044881859761
0.317748898846723
0.233217037917417
0.304166304253284
0.268579720787623
0.403707389675432
0.261960483888228
0.216760081080996
0.353056903173968
0.170381972732115
0.13410317333869
0.298086513644847
0.264264441017552
0.290497850563238
0.243705359708857
0.370868572557413
0.265916580228344
0.281336598939828
0.219467114588472
0.437713563417195
0.19635918565469
0.308419850010097
0.285306399866781
0.334499290576244
0.247087735360374
0.196109814614884
0.388187990252611
0.209228618332611
0.255917502085291
0.321489249675672
0.260485757325443
0.263098787502745
0.204546177685293
0.353499828677455
0.360224382104708
0.248319806848258
0.327165685449958
0.263670689970017
0.236266350582767
0.217533509127472
0.505117089296672
0.363415758260954
0.360983165740518
0.255291895788527
0.255564100025385
0.553378025305601
0.255193165652488
0.363115334081036
0.275212109176249
0.509344533362118
0.190044677135609
0.265627627676145
0.288591931351967
0.145352469461307
0.259571336229397
0.471682443109445
0.22871226571171
0.340462059090642
0.406563760866559
0.264916137957599
0.215725642006989
0.214126238045878
0.200696992222782
0.263118878820636
0.658099786996167
0.388176011972172
0.337368757599552
0.555156184663565
0.219319043228647
0.199256910412863
0.332197624092707
0.185625972667979
0.345250215903741
0.341929056003812
0.235245983129526
0.313166057216015
0.251751276138199
0.607939999137468
0.241500251821916
0.28224445031409
0.223836900190859
0.204794769458076
0.19862548242746
0.272962568477838
0.169106723256038
0.260777130218544
0.208073845530052
0.212325530104918
0.23404809412017
0.230833130786058
0.312003137265694
0.258979318112769
0.357506095660917
0.27649109758471
0.212490530198626
0.193972851393581
0.428573061219825
0.26191527082543
0.247860162161349
0.211518764670679
0.224285450542767
0.26219136542555
0.198419282825732
0.283747661436115
0.317721435213898
0.21423183303998
0.523448706401514
0.291043109541638
0.475351488270433
0.22727054958064
0.276926358564988
0.43553084936802
0.336625440149021
0.314143526440796
0.254340669378381
0.474172952929014
0.368155544940569
0.147915118712466
0.673318981147238
0.341203318490644
0.211016108684109
0.324359475892133
0.249541094379213
0.473113231654725
0.196141479099678
0.186661905927689
0.288145776355335
0.358557009849357
0.438622019153094
0.453342808724649
0.392713779931619
0.249511244197784
0.306465819167898
0.287662021273261
0.486525926846376
0.208200508968713
0.207054047196143
0.337186489209396
0.285220577355931
0.217341214185534
0.810791327431284
0.197448528361367
0.258692570913469
0.268919807082559
0.211283691003034
0.218158121265239
0.18704342326259
0.555668119631915
0.79624728244813
0.197299071917187
0.227246067262048
0.288352464791238
0.250121292880877
0.459552065943295
0.254444072494876
0.278633558832483
0.1499323771206
0.259567498567263
0.201644612099076
0.215082349635288
0.217284855088118
0.180836824333734
0.17653045931484
0.606303862552804
0.369405046273058
0.22923837961243
0.217573915792175
0.354120324799971
0.362429094145633
0.20304945157848
0.452177866890178
0.456924028559279
0.269792102509505
0.199887344138055
0.207412908548924
0.27746500040462
0.161180085408644
0.25601493326826
0.24368934388538
0.283697895289526
0.261173640448675
0.251430329497912
0.232314640450723
0.268034709794062
0.457290086589367
0.212942995035244
0.25311209517742
0.202374371969521
0.233873809822963
0.175429786609475
0.211154278501982
0.24111171063286
0.458557445430712
0.381089690625304
0.56927370932867
0.177323075100531
0.252990465917316
0.220941103147398
0.358663146154897
0.201911581380278
0.177198525539758
0.21675026552166
0.289016297168436
0.183618821831339
0.592668024439919
0.191105394922569
0.26474102340697
0.222918314727408
0.333725990816079
0.584626184334592
0.202648482799533
0.543130742275483
0.284435981707321
0.215393354695557
0.796391652872201
0.557618038566859
0.205754783143257
0.209307400724591
0.206516719486204
0.454195842173087
0.306021581340864
0.452004348893487
0.213608350221094
0.228718809388652
0.437519370426681
0.660954886657219
0.192576222823125
0.578397065643577
0.401863076888109
0.295410940999826
0.768581729990419
0.282137793650509
0.387155389815135
0.290755494339874
0.202495232915255
0.318853985453446
0.289012253162829
0.17802904516566
0.475602401741
0.346240293302755
0.240244550084219
0.333135941572039
0.294103363032758
0.223636842158383
0.255174858874256
0.207167837019078
0.219251996567832
0.197959609245922
0.260218235620492
0.207304844397904
0.349489837404985
0.830906560656353
0.376070039881603
0.529154738586711
0.402281015189833
0.312616983997036
0.204503781391275
0.237229893570687
0.326600687001979
0.361379012615319
0.202376280584882
0.318373912806391
0.217667569739069
0.222767925497642
0.363328214492178
0.519741044371125
0.363902483706362
0.178279629798539
0.195554958478569
0.244154098838945
0.464388819437972
0.34589220303506
0.183174705861212
0.197644927390878
0.212139977514475
0.249347307483857
0.524839039224537
0.498581235606148
0.167896100178653
0.461986378571133
0.287421420397134
0.591155884084516
0.29863493317043
0.402107332495885
0.500137462197896
0.333472415422648
0.373536816928038
0.286797334904281
0.387761724209922
0.419475100996819
0.646946261690492
0.77062168404972
0.19017389395975
0.681017681189932
0.417797691684288
0.420913925224932
0.194461114624156
0.320937730668965
0.173392496387725
0.250264656576229
0.722166655553333
0.25582613717208
0.300371992211741
0.602502643357422
0.211095157702078
0.193919574131589
0.206992423605615
0.355714107155053
0.212960958928368
0.161256772851559
0.354257958447791
0.210750213492067
0.468519337392428
0.160228417870339
0.197387979440291
0.162354186805068
0.361923825190099
0.807431599704215
0.257980237045633
0.196763922490931
0.498586515386876
0.18058041128308
0.32474954960795
0.339266718203863
0.30201863191464
0.401712060766909
0.186420379844053
0.224565756823821
0.238238014056032
0.191529165989572
0.197009019194696
0.664498206742915
0.448764598780557
0.287872033452923
0.411884058823356
0.207727508968525
0.325627503607893
0.424186692493813
0.194182643338791
0.390056084343045
0.468908580578518
0.41696843408799
0.623036964995213
0.775039255649889
0.249868164329881
0.24509842406747
0.485538222195013
0.471063748983781
0.195992181827976
0.185480704852417
0.235189833531419
0.380023360719768
0.233490927598619
0.345342372845849
0.233985313966439
0.34493110968015
0.540179146204639
0.221283262885426
0.184762892363429
0.196846498090101
0.360819786974019
0.227160665569235
0.416491468230003
0.517108834010991
0.354252120636036
0.323761401382773
0.206436120488391
0.274832105503227
0.62251615630851
0.237556153989259
0.200617123580596
0.387321350564308
0.283132024858114
0.184534866842698
0.249886732896667
0.336459934123742
0.356421911774454
0.293166831712211
0.240627636445925
0.276058456831728
0.637455225720376
0.461728057478831
0.262437334832061
0.179773880063256
0.224464725553577
0.333063446341286
0.321288005326532
0.169566954079544
0.473792775385289
0.192896195151243
0.441235896794035
0.289038538376989
0.355178177166085
0.203923067125207
0.429609539210066
0.343367121472486
0.34197668886618
0.278870769315086
0.398639120329305
0.15844892037412
0.672458688852131
0.236375410066405
0.208729298380269
0.432412858346142
0.212143081119324
0.522086760369523
0.230134387741276
0.244681043911223
0.506976285559335
0.255312969618259
0.389264491226784
0.32530126985048
0.194998039820227
0.272607715886393
0.337448221578516
0.381745160301115
0.67996415598547
0.376587364423337
0.315027207119333
0.589292021586811
0.181201701135346
0.588235051902972
0.493912782953363
0.525278898647045
0.415717548514433
0.197779453527364
0.587914352118944
0.599844739759027
0.245507942915131
0.360999499023607
0.231363445951399
0.688223905120299
0.150122382376938
0.253907844189099
0.245843655848294
0.243741964758376
0.191753297242424
0.190681179371758
0.339022586259205
0.635240176106043
0.209564897093254
0.229564388000619
0.280222900572151
0.406992741591157
0.369028246712479
0.309466182832639
0.723112109138131
0.363303892505323
0.312672733933553
0.708866471607203
0.213336154834325
0.223294938213112
0.279995910376771
0.201404888520115
0.192235117739809
0.585940184919113
0.402635215012494
0.291292823631132
0.307586155323659
0.683256628646904
0.344540381883883
0.329866509408674
0.218321909108035
0.618637927220862
0.763973366754705
0.514365080906778
0.226968890909077
0.588896928237848
0.346777096175968
0.52285523427808
0.314775630132331
0.161731360048955
0.188574479531386
0.163693597405443
0.2131455059199
0.26288966416516
0.463582336624613
0.356541591221168
0.337422321049364
0.256142772980725
0.359179750080103
0.285211380864394
0.371835621945551
0.178571223214234
0.821052462049701
0.251524457561063
0.220456469509714
0.222101042851342
0.482513885446169
0.174961738850639
0.438355910489658
0.521432639251138
0.337928550573321
0.350660313527174
0.155458189268576
0.229848603638503
0.213342962015478
0.363708206764291
0.388597589607137
0.237175198734931
0.348560938541285
0.250797151830452
0.373791025298216
0.165416181912566
0.33040228091767
0.210295846866888
0.232372391505433
0.616947763166463
0.20306977522583
0.402076945522035
0.630956818257304
0.198840562061415
0.445857507799556
0.355668027281016
0.526263927840521
0.519729511660967
0.273753525018828
0.26484912866243
0.371384676118527
0.512848617707953
0.212395012255134
0.267068508572367
0.551876963339054
0.209640489169308
0.595397238990759
0.688872848555748
0.232383587132907
0.374035623632659
0.255972310265499
0.497673727029875
0.609859627493972
0.306170847102951
0.186423689389582
0.516919881162291
0.209554900364395
0.537606466111178
0.254093720140439
0.354993927267825
0.231592018392613
0.329900188633097
0.343986554348418
0.136047469007863
0.761767494604034
0.367177923622172
0.169445563385838
0.465958028573382
0.407353674140529
0.30248357697582
0.362329486904798
0.425395342369566
0.434065200216413
0.282267632351643
0.794446774047672
0.530575936383651
0.338779585480922
0.567655438678409
0.452338078276223
0.250346152664007
0.224089837982199
0.248244651260694
0.374625948145234
0.363985420001768
0.206621221930259
0.256610037697305
0.411759169498066
0.245118369214115
0.189399288130455
0.36561667768379
0.436264326637469
0.508546378478263
0.216589500732489
0.283110440421101
0.207334376481294
0.161304607457008
0.410495884966525
0.407478685527015
0.506832831124766
0.519907054005656
0.291006919063477
0.294183080439131
0.180791862969417
0.425126457807444
0.167869095823202
0.307765897502281
0.769791062368205
0.308412675689115
0.382522801889233
0.575789455822714
0.289091102975154
0.190821324447473
0.18110783008315
0.512413941060597
0.772281669357538
0.796733507464962
0.245208963898345
0.250471453455776
0.496863953019169
0.384099164961648
0.702081260315436
0.452050591073027
0.190407953432265
0.401050916062676
0.192002766582527
0.272917636109819
0.803834640448512
0.406355557402449
0.387099423505718
0.387447075427317
0.317591534859472
0.193949462243384
0.354743378215233
0.194105364276464
0.270406901367039
0.312234049504018
0.203555963334902
0.346441964700023
0.329359115451499
0.410814731281437
0.250282643443422
0.371830886824027
0.370035485901079
0.193874087969296
0.195553017078409
0.819119764421581
0.270812824944035
0.280916457593127
0.209938967785261
0.178550305579286
0.578304615877675
0.568297494830363
0.685234673289329
0.452383364501847
0.204645506525486
0.577451100528609
0.40771522000122
0.392253542098293
0.225777880319196
0.521753061976021
0.203147884596689
0.263882621667321
0.765586724707394
0.257705389207333
0.203695489970147
0.243339114222501
0.517283658603695
0.192846684456326
0.527497294922013
0.359288143498953
0.262299133275252
0.215822813596378
0.368776929554243
0.168987960297569
0.316813893272666
0.591489917971175
0.267937186082315
0.249726337681669
0.231032454275267
0.181389378690911
0.45051171096916
0.181941857335568
0.221199570725203
0.747217496593756
0.479244779949674
0.302762246806825
0.382440434836041
0.556109924938188
0.787649256029168
0.479748156487593
0.529256696323495
0.240173544362468
0.381692789115815
0.249231212761868
0.216405337846839
0.765873210978673
0.211090801082068
0.283739453063446
0.203897716778652
0.165512292003939
0.211285557218867
0.373488148588563
0.74128586101359
0.259341006066738
0.665236108972342
0.246761639980687
0.291938650732454
0.213280455290335
0.196060697417345
0.199056167788122
0.409639756275677
0.530364296415271
0.325258931884889
0.238944720749792
0.2112500976078
0.816493558923918
0.491031983550154
0.590769394461473
0.367871167086822
0.335167384907502
0.21989760375947
0.167575396858429
0.348160084061276
0.20764715577023
0.202340015331025
0.827515131235112
0.667275552405764
0.268743386698003
0.545003685470148
0.755363053460512
0.168065010727802
0.772300854327195
0.711544563480388
0.216393671281847
0.212643062755497
0.348554148504899
0.32019589235166
0.186573914401546
0.730793459357889
0.163186218681198
0.793499359848016
0.252425319158321
0.219424466047306
0.260069893797832
0.383673258075729
0.517407125001206
0.172339589066606
0.449768545138512
0.235418474583399
0.71510864331887
0.241810798433884
0.630516390292927
0.261379374019019
0.417036751169133
0.741990082098756
0.557555405124393
0.293334661864169
0.707088459285296
0.637530130307918
0.684985792859258
0.375038278905417
0.832822606395873
0.23480885142513
0.413024286707113
0.214312090951232
0.460091881563596
0.617352307556909
0.551688118390202
0.212144322554417
0.492102962918945
0.23201042008262
0.25769161391947
0.19328750668563
0.157025141725148
0.299750290953754
0.261246233279232
0.340206620894601
0.393955187834499
0.629121388569521
0.451757391680967
0.358078549360229
0.261361370086022
0.354292566164026
0.201981639193555
0.503204332058224
0.514162172666764
0.398136027276475
0.245659904259155
0.267790315648273
0.426755718255022
0.237300287080172
0.217834622081154
0.81215718686603
0.396347054566001
0.664752402887152
0.346118461102876
0.424712068390229
0.214154646507114
0.65340718071003
0.325317657313995
0.693108443200511
0.302650902857876
0.266603545678498
0.368595984775586
0.295209326354026
0.229930447318002
0.305156020267209
0.420799551467173
0.663604344886281
0.632017427654626
0.244848735650238
0.399371261836891
0.27752242209163
0.161433311726265
0.809976969208668
0.291343046657974
0.423646736947184
0.238960358967178
0.232770519360652
0.490103937213438
0.27478687799377
0.294379307814326
0.226848161483586
0.786120046540278
0.276664323059073
0.182586476220215
0.328286977298115
0.320639712820819
0.383802382959425
0.333645187385637
0.610373418116078
0.365784853927568
0.257112037905115
0.226905542546094
0.195691480120711
0.330651028889771
0.564268253892174
0.58057737718257
0.191320605797908
0.347551065546977
0.487606219230753
0.264141543845758
0.30080540225714
0.479026383666852
0.805696587449165
0.23502601676517
0.709142523072269
0.430733016631135
0.448476996802821
0.524149417083036
0.213046431047522
0.174152287969794
0.453393904576787
0.455554164193975
0.346088958058146
0.427444311802377
0.70938765071883
0.185184038407165
0.769136292698243
0.294030605185204
0.27620045773083
0.35842079127247
0.295604501650751
0.170913661435961
0.751445345316982
0.214804392070153
0.325976138207245
0.330468183513315
0.265329811814231
0.460526159625994
0.219822135050349
0.70037094077532
0.439442402146263
0.33203614753184
0.338176557287106
0.19299129076201
0.260127923881961
0.18125533207465
0.654704478828205
0.161072417906741
0.167836549783762
0.78414688372856
0.233054727680742
0.257280875576721
0.236052807085763
0.227123035056926
0.319463546724612
0.194115755601097
0.22810202638656
0.696647959957531
0.333353332733351
0.291052156583892
0.395147998212057
0.280007833514771
0.515848693033547
0.756877332458092
0.609023732259452
0.297721245898692
0.23428269517177
0.2310247671543
0.697275173839731
0.240419986980799
0.719701089241567
0.405255401173074
0.55946942497544
0.248956048907982
0.270698488522617
0.233530290499685
0.712129979071849
0.330571270394983
0.751649050305968
0.403405362192605
0.372279222756134
0.208328385385742
0.281076200171391
0.778885805574289
0.289584023028844
0.168650128900798
0.584912395761125
0.186661905927689
0.311785332080783
0.564399219403401
0.206346686814879
0.302156963042931
0.645976344139315
0.229022670588371
0.461247535207474
0.375535088371152
0.29923013422546
0.211945643162683
0.211931980273081
0.756859007401212
0.187857494978929
0.409655439493815
0.31071751549507
0.201735108568017
0.338030229511539
0.19654127086281
0.203150424481769
0.709051974955194
0.617710698748385
0.479938091830452
0.284650458753661
0.575663450195619
0.403544852234202
0.763990635148403
0.196341747635236
0.736883649950008
0.33765228201971
0.329560996540535
0.746719382805792
0.506241112340022
0.207311756359342
0.504796050253297
0.204804254615316
0.568491229584241
0.336331345866937
0.192147675404936
0.297129900234618
0.202349559138601
0.498187704896233
0.281526096049902
0.275724456612274
0.291242593485102
0.386057865274082
0.278700159984304
0.381751276065366
0.318626104932943
0.184580748114547
0.216651482761241
0.240190864054949
0.263016238700196
0.793861186122735
0.250462464659305
0.220086819935205
0.811226011545417
0.441882685973061
0.511666292277491
0.302394530773121
0.39532794086791
0.237718889021018
0.382929738528818
0.797822548851127
0.297393117684545
0.237123987949611
0.309107415142845
0.397759061467721
0.196656161607073
0.277100420872135
0.194378047768548
0.317820573167154
0.375851182949253
0.306953199935685
0.751474995899337
0.826239865440152
0.372789081512331
0.340786402269277
0.498001040141845
0.194869061555481
0.409390455513517
0.394464191639973
0.238325046309837
0.753479027228241
0.531350320322056
0.262862496581525
0.395471598651176
0.277548519841407
0.235996775906394
0.249724648946163
