0.138762
0.0797110000000001
0.156875
0.196956
0.148145
0.0714700000000001
0.099402
0.123287
0.210544
0.164048
0.12585
0.198781
0.121164
0.0975790000000001
0.106531
0.548770999999999
0.196564
0.241519
0.0105549999999999
0.107468
0.0513229999999998
0.00365400000000004
0.113238
0.110525
0.153252
0.036204
0.0905870000000003
0.100296
0.0706960000000002
0.101568
0.182053
0.311885
0.162304
0.061082
0.193046
0.0834139999999998
0.136271
0.133652
0.220026
0.188937
0.22338
0.13236
0.104054
0.136286
0.130785
0.13802
0.140042
0.164821
0.151481
0.407834999999999
0.0757009999999999
0.0847189999999999
0.0769869999999999
0.133023
0.101326
0.0678340000000001
0.500377999999999
0.0585130000000001
0.049702
0.095708
0.0630249999999998
0.30924
0.164608
0.14113
0.0322139999999999
0.0462050000000001
0.107097
0.0914319999999998
0.106062
0.034314
0.430789000000001
0.0261240000000001
0.196148
0.123057
0.0106009999999999
0.0235159999999999
0.136494
0.232216
0.192555
0.225863
0.0356079999999999
0.257933
0.0811990000000002
0.175601
0.077529
0.087352
0.144522
0.184793
0.0360789999999998
0.124817999999999
0.0505780000000001
0.026165
0.148116
0.205842000000001
0.198903
0.375324
0.121137
0.119471
0.146565
0.187431
0.0680840000000001
0.0690880000000001
0.090823
0.09644
0.0316249999999999
0.090098
0.333657
0.167581
0.213393
0.152603
0.067425
0.107845
0.113895
0.410069
0.112167000000001
0.0853660000000001
0.0750280000000004
0.070451
0.0643870000000002
0.0031579999999999
0.246717
0.0170619999999999
0.160954
0.0519810000000001
0.086941
0.14464
0.0400230000000002
0.067783
0.054175
0.046841
0.027937
0.0660909999999999
0.194772
0.0802460000000001
0.027981
0.170687
0.00268100000000025
0.0865300000000001
0.125042
0.120212
0.0611739999999999
0.088958
0.0404349999999999
0.0859499999999998
0.115622
0.111518
0.122765
0.075562
0.134261
0.140676
0.120097
0.0743969999999999
0.060471
0.00464299999999998
0.319123
0.106903
0.0925079999999998
0.0442819999999999
0.0371159999999998
0.00510500000000024
0.0342350000000002
0.208038
0.0583260000000001
0.193712
0.041984
0.0469840000000001
0.11146
0.0270679999999998
0.045257
0.283543
0.0394339999999996
0.0720100000000001
0.187444
0.354948
0.084583
0.150147
0.101768
0.130684
0.0367779999999999
0.137793
0.0158969999999999
0.041485
0.0884890000000001
0.117263
0.050359
0.0108179999999999
0.0083169999999999
0.00220400000000034
0.0289779999999998
0.102727
0.0260299999999999
0.338473
0.111857
0.00297700000000011
0.00861399999999973
0.076531
0.137097
0.137554
0.073314
0.0759750000000001
0.097189
0.188291
0.376569
0.058418
0.140922
0.0621649999999999
0.396384
0.159355
0.700661
0.088414
0.108594
0.00606999999999997
0.102027
0.035052
0.0685200000000001
0.083298
0.189826
0.162736
0.243577
0.124375
0.2192
0.0550869999999999
0.10541
0.122059
0.023025
0.010512
0.100932
0.126164
0.138695
0.191306
0.130053
0.00815000000000002
0.0609979999999999
0.2033
0.140933
0.203275
0.021766
0.0351750000000003
0.163952
0.177923
0.012493
0.11304
0.100102
0.11781
0.268032
0.090019
0.126325
0.120427
0.154285
0.039017
0.185517
0.105216
0.0441859999999997
0.123173
0.0679640000000001
0.092332
0.128929
0.10398
0.0565339999999998
0.00628799999999971
0.093346
0.179912
0.170584
0.0300510000000001
0.0750259999999999
0.174091
0.0316380000000003
0.452221999999999
0.137082
0.066491
0.142356
0.056304
0.153131
0.027039
0.222726
0.324792
0.137007
0.353708
0.0813339999999998
0.141201
0.0544070000000001
0.00938800000000003
0.0447299999999999
0.0984060000000001
0.098021
0.0923129999999999
0.144497
0.0857369999999998
0.148027
0.0181179999999996
0.0932499999999998
0.00445899999999993
0.074378
0.00881199999999983
0.342247000000001
0.100061
0.123731
0.251973999999999
0.046356
0.0351820000000001
0.00967999999999986
0.0502939999999998
0.0540510000000001
0.066619
0.141916
0.00496200000000008
0.0047550000000001
0.0776829999999998
0.457886
0.0490909999999999
0.156466
0.0254790000000001
0.0417229999999998
0.0287
0.0823090000000001
0.198464
0.0128009999999999
0.976637
0.074447
0.055501
0.0563530000000002
0.00926299999999984
0.389014
0.00259999999999996
0.177424
0.0443969999999999
0.260941
0.33514
0.0801109999999999
0.0698910000000001
0.067375
0.095472
0.713837000000001
0.138857
0.046403
0.456254
0.19666
0.165566
0.226005
0.200245
0.00246899999999999
0.167255
0.025375
0.134533
0.105627
0.27813
0.40968
0.403891
0.213779
0.0558910000000001
0.242158
0.0375029999999999
0.00417300000000024
0.0513940000000001
0.0249929999999997
0.158908
0.139128
0.0403329999999999
0.119975
0.335184
0.081633
0.142065
0.121835
0.0258480000000001
0.13988
0.062757
0.00487899999999995
0.233286
0.068447
0.0448570000000002
0.133288
0.10993
0.0916320000000001
0.168344
0.553466
0.0856020000000001
0.13128
0.0693930000000001
0.348154
0.149863
0.0807249999999999
0.0597899999999999
0.303966
0.108672
0.283263
0.176703
0.522268
0.666231000000001
0.142566
0.0285999999999999
0.081108
0.00221600000000006
0.0492899999999997
0.126235
0.182993
0.0187179999999999
0.159677
0.409401
0.000362999999999953
0.0665479999999999
0.0488039999999999
0.019378
0.143607
0.000743999999999918
0.133736
0.135198
0.0948329999999999
0.281508
0.000230999999999881
0.076326
0.148532
0.129827
0.0148270000000001
0.11676
0.33647
0.05796
0.0815249999999999
0.141767
0.628151999999999
0.057058
0.107367
0.015826
0.0106349999999999
0.192565
0.11546
0.280622
0.223102
0.0348260000000001
0.0852469999999997
0.0953490000000002
0.0681809999999999
0.0613870000000004
0.107504
0.025844
0.076743
0.01534
0.0673599999999999
0.135776
0.193163
0.0733780000000001
0.160358
0.017697
7.600000000018e-05
0.142061
0.148638
0.05536
0.242819
0.277995
0.0941800000000001
0.018507
0.151792
0.144803
0.169306
0.121017
0.124051
0.021715
0.00736800000000016
0.167599
0.095381
0.0319410000000001
0.064008
0.0609650000000002
0.058998
0.143742
0.109872
0.0779399999999999
0.126206
0.0205179999999999
0.0366450000000001
0.187911
0.123204
0.0419850000000001
0.058117
0.0628230000000001
0.092843
0.101806
0.165395
0.046248
0.00323300000000013
0.0203769999999999
0.333996
0.045607
0.023398
0.0210030000000001
0.098019
0.294075
0.0879470000000001
0.101386
0.179067
0.0199739999999999
0.0681609999999999
0.166084
0.216618
0.055244
0.0100230000000001
0.098422
0.197353
0.119824
0.0082370000000001
0.123592
0.131377
0.456457
0.0643810000000002
0.057724
0.00765200000000003
0.111719
0.0921989999999998
0.104947
0.094596
0.172549
0.0708709999999999
0.0126379999999999
0.282427
0.204587
0.241246
0.117637
0.028906
0.237601
0.0646069999999996
0.096394
0.082106
0.0441829999999999
0.0366019999999998
0.255402
0.121924
0.19046
0.282287
0.125688
0.0615400000000004
0.379367
0.163327
0.017266
0.072598
0.672669
0.152705
0.141602
0.0770570000000001
0.21437
0.180741
0.075543
0.00425200000000023
0.0945629999999999
0.076603
0.0583640000000001
0.0196590000000002
0.041077
0.2971
0.0274489999999999
0.219686
0.049109
0.160687
0.036859
0.088272
0.0175750000000002
0.0585690000000001
0.132569
0.333727
0.56537
0.244225
0.130915
0.074188
0.10332
0.25282
0.102942
0.129776
0.13043
0.195022
0.0280390000000002
0.275737999999999
0.181792
0.135834
0.0964159999999997
0.942138700000001
0.0318619999999998
0.051513
0.0781059999999999
0.793574999999999
0.101839
0.0718529999999999
0.110621
0.0387060000000003
0.0387569999999999
0.227452
0.121981
0.127916
0.210656
0.00922599999999995
0.424758
0.148003
0.101316
0.096385
0.102145
0.135709
0.405706
0.202163
0.135462
0.78109
0.569199999999999
0.206245
0.026971
0.0370230000000001
0.074355
0.157703
0.5106
0.026434
0.176116
0.0952889999999999
0.119495
0.152166
0.096794
0.000605000000000076
0.057756
0.560391
0.0992170000000001
0.0724410000000001
0.0248680000000001
0.169377
0.0212059999999998
0.00432599999999998
0.134233
0.032481
4.89999999999805e-05
0.104393
0.00990100000000003
0.075582
0.00400799999999994
0.146745
0.0385759999999999
0.212918
0.0325670000000001
0.0769339999999999
0.039512
0.163611
0.0417560000000002
0.0517539999999999
0.161121
0.422506
0.114589
0.13422
0.0171739999999998
0.00319499999999985
0.048681
0.0132330000000001
0.015815
0.3977
0.0546410000000004
0.230325
0.0827749999999999
0.318448
0.291135
0.00780100000000003
0.134533
0.0509579999999999
0.0263849999999999
0.647847000000001
0.067302
0.057124
0.0799600000000002
0.140413
0.03987
0.13969
0.0269589999999998
0.0256610000000002
0.0235859999999999
0.239703
0.0839359999999998
0.0295310000000001
0.076668
0.010958
0.0776310000000001
0.0130989999999999
0.0779600000000002
0.0913300000000001
0.0315959999999999
0.029863
0.15637
0.0474139999999998
0.149026
0.0694220000000002
0.186497
0.182104
0.048253
0.158403
0.124459
0.114692
0.091095
0.291907
0.034468
0.0396050000000001
0.0566260000000001
0.00091199999999999
0.224126
0.575506999999999
0.00858999999999975
0.00386600000000006
0.168264
0.10354
0.255555
0.0207720000000004
0.126541
0.633894000000001
0.0600270000000002
0.280111
0.480093
0.0739430000000001
0.110196
0.0882279999999999
0.0821939999999998
0.14771
0.096845
0.0186049999999998
0.783683999999999
0.138677
0.186714
0.0229640000000001
0.072416
0.171377
0.120743
0.268374
0.0196940000000002
0.0661549999999999
0.0828809999999999
0.174317
0.097336
0.096252
0.0423069999999997
0.143118
0.0106889999999998
0.071593
0.137194
0.00417600000000011
0.0949690000000001
0.10123
0.154366
0.0617529999999999
0.13494
0.069387
0.116811
0.199029
0.00486700000000027
0.162872
0.122667
0.0513089999999998
0.0810880000000001
0.29033
0.134172
0.209063
0.0766489999999998
0.0753970000000002
0.198084
0.0786989999999999
0.0860300000000001
0.057015
0.15717
0.113624
0.03611
0.169854
0.326165
0.084164000000001
0.164467
0.0417070000000001
0.285379999999999
0.023879
0.141928
0.000291999999999884
0.197359
0.0528990000000002
0.196183
0.0379020000000001
0.111928
0.043662
0.286314
0.0680589999999999
0.101742
0.0314990000000002
0.0063469999999999
0.174101
0.00155500000000009
0.20165
0.176355
0.0821589999999999
0.060778
0.450832
0.14062
0.125323
0.0240240000000003
0.182431
0.142136
0.077126
0.579742
0.241229
0.154334
0.129489
0.421299000000001
0.337475
0.15407
0.10762
0.020407
0.02046
0.271235
0.0750949999999999
0.0983020000000002
0.098778
0.379216
0.100859
0.0580159999999999
0.0477769999999998
0.00748200000000067
0.131567
0.067167
0.126599
0.0255920000000001
0.08329
0.249241
0.086162
0.206852
0.00232200000000012
0.110276
0.171043
0.0148359999999999
0.194368
0.105364
0.275171
0.106523
0.0467209999999999
0.111076
0.010792
0.079846
0.00292700000000002
0.039497
0.0170900000000001
0.0570570000000001
0.029031
0.0494840000000001
0.14932
0.627876
0.0997010000000001
0.044118
0.00604000000000001
0.0862159999999999
0.335021000000001
0.02777
0.137475
0.0649680000000001
0.101769
0.0114199999999999
0.397542
0.0290859999999999
0.710915
0.0807719999999998
0.392783
0.176889
0.069495
0.137604
0.00432299999999973
0.00772499999999978
0.0298260000000001
0.0374890000000001
0.253914
0.0457900000000001
0.358709
0.0192839999999998
0.0475210000000001
0.0902749999999996
0.0466809999999997
0.144706
0.099246
0.107878
0.128885
0.059594
0.00666100000000019
0.034311
0.00306699999999994
0.13316
0.055982
0.0261800000000001
0.064213
0.110767
0.0883889999999996
0.0854949999999999
0.054953
0.00351399999999975
0.598352
0.310812
0.0153270000000002
0.145022
0.0373010000000001
0.0435790000000006
0.0996819999999998
0.0238030000000001
0.0409250000000001
0.269455
0.231364
0.159738
0.0717140000000003
0.0495879999999999
0.014646
0.133831
0.149718
0.0782620000000004
0.131789
0.177591
0.157813
0.0405740000000001
4.70000000000985e-05
0.0643639999999997
0.485732
0.0382980000000001
0.0125629999999999
0.0428839999999999
0.014674
0.108411
0.403935
0.0601239999999997
0.0856689999999999
0.0431620000000002
0.0659990000000001
0.090469
0.0470149999999999
0.116884
0.228861
0.183496
0.0848449999999995
0.207156
0.0954190000000001
0.12539
0.08502
0.0836649999999996
0.345889
0.00329500000000001
0.250263
0.176301
0.197211
0.119842
0.128033
0.071173
0.0843789999999998
0.015052
0.100773
0.213182
0.643559
0.17226
0.135653
0.156924
0.394747
0.199228
0.138881
0.035226
0.0696199999999998
0.104088
0.0285080000000002
0.0792360000000002
0.371229
0.00222100000000006
0.0538120000000001
0.257115
0.116275
0.214901
0.078155
0.00578100000000001
0.04812
0.0198069999999998
0.0388429999999999
0.140687
0.0401049999999999
0.159656
0.276575
0.143837
0.140554
0.0368509999999998
0.155259
0.028324
0.122966
0.033261
0.10496
0.054956
0.324856
0.190458
0.0383070000000001
0.126747
0.285017
0.335956
0.0101130000000001
0.0607459999999999
0.0857919999999999
0.224254
0.0577109999999999
0.222793
0.0681959999999999
0.498930000000001
0.59241
0.198196
0.120373
0.135478
0.097227
0.113243
0.0336709999999999
0.112082
0.102464
0.259103
