0.103501
0.067795
0.459082
0.118033
0.047548
0.552024
0.188323
0.227466
0.519314
0.213285
0.0184499999999998
0.0671249999999996
0.0811199999999999
0.0245530000000003
0.207537
0.540718
0.049679
0.142363
0.0561650000000003
0.286829
0.423531
0.00822999999999993
0.77615
0.843106000000001
0.0121890000000002
0.313757
0.079703
0.0141719999999998
0.0504230000000001
0.414819
0.0868280000000004
0.143611999999999
0.0872320000000001
0.657198
0.000665999999999852
0.0201069999999999
0.0198540000000002
0.690336
0.561751000000001
0.017795
0.147424
0.136685
0.11353
0.08151
0.176412
0.603203
0.0546989999999999
0.126052
0.9039034
0.124804
0.374496
0.32608
0.739259
0.00504699999999993
0.0528920000000001
0.133177
0.501619
0.181796
0.056811
0.537713
0.0114849999999997
0.115164
0.00143800000000031
0.186555
0.245381
0.0680610000000002
0.619218999999999
0.123148
0.0131579999999999
0.758312
0.281654
0.00270400000000032
0.497176
0.290828000000001
0.729710000000001
0.443667
0.31947
0.0050099999999998
0.0204849999999999
0.015308
0.04524
0.284314
0.663972
0.111107
0.407282
0.0448840000000001
0.00670499999999991
0.220185
0.242378
0.104258
0.0111010000000001
0.0912089999999997
0.175868
0.29765
0.483167
0.418811000000001
0.244197
0.605503
0.107167
0.41597
0.173218
0.9487082
0.0680570000000002
0.245829
0.064555
0.0865739999999999
0.141373
0.613466
0.429177
0.056915
0.282884000000001
0.494636
0.522188
0.218538
0.471812
0.459982
0.0173479999999999
0.0523569999999997
0.679343
0.0187220000000004
0.210329
0.0475270000000001
0.576455
0.142533
0.0671529999999997
0.0897219999999999
0.240411
0.107173999999999
0.00465199999999975
0.0330859999999999
0.325294
0.00580000000000004
0.109854
0.220295000000001
0.0710940000000004
0.531937
0.135767
0.188938
0.9716917
0.152691
0.0618359999999998
0.000541999999999854
0.0541139999999998
0.0924329999999996
0.164798
0.09389
0.29088
0.015369
0.681985999999999
0.495883
0.146969
0.39448
0.325751
0.0118639999999999
0.594964
0.323302
0.169582
0.262832
0.295898
0.395421000000001
0.00620499999999999
0.0137080000000001
0.618457
0.400388
0.0967690000000001
0.195146
0.0493930000000003
0.472545
0.195688
0.300481
0.308353
0.531745
0.340244
0.305763
0.205069
0.240581000000001
0.0182370000000001
0.0723150000000001
0.362905999999999
0.21731
0.025242
0.214263
0.106796
0.047076
0.005892
0.0479319999999995
0.678765
0.412246
0.0154879999999995
0.463969
0.482553
0.265222
0.232446
0.0563620000000003
0.113358
0.34835
0.2285
0.0588090000000001
0.648525
0.100301
0.350085
0.52892
0.442374
0.393951
0.142268
0.0874220000000003
0.162603
0.00863099999999987
0.594136
0.334743
0.432132
0.083124
0.571326
0.433598
0.189342
0.617354
0.445578999999999
0.010142
0.513657
0.359622
0.220992
0.0443510000000001
0.00381899999999995
0.578125
0.00175000000000028
0.368281
0.766645
0.0116529999999999
0.00563399999999972
0.426255999999999
0.134519000000001
0.208445000000001
0.042908
0.000340000000000381
0.167052
0.796274
0.188399
0.0416589999999999
0.0508029999999999
0.233211
0.0247460000000001
0.040055
0.161683
0.00417599999999992
0.145488
0.0749840000000001
0.12954
0.464725
0.087496
0.0941010000000002
0.377277
0.0169250000000002
0.399955
0.331151
0.101556
0.141688
0.455967
0.329426
0.411413
0.198804
0.55266
0.314926
0.450725
0.013472
0.021563
0.249241
0.0189080000000004
0.231884
0.315079
0.211627
0.633926
0.221055
0.320957
0.437272
0.112949
0.112258000000001
0.648007
0.345011
0.0602770000000001
0.0578039999999999
0.233349
0.416479
0.158586
0.24786
0.282964
0.250426
0.380588
0.254637
0.133213
0.0130969999999997
0.116715
0.576027
0.170185
0.022663
0.0328499999999999
0.182876
0.0505129999999997
0.079932
0.0352670000000001
0.0219380000000001
0.381379
0.066092
0.243939
0.00223700000000015
6.90000000000098e-05
0.605594
0.0163010000000001
0.0235630000000001
0.00793000000000023
0.317199
0.0754749999999994
0.485962
0.168896
0.00333099999999991
0.201683
0.0345209999999996
0.012488
0.188472
0.279224
0.321664
0.0485879999999997
0.24252
0.570573
0.205672
0.752558
0.00583300000000001
0.323133
0.906641
0.425889
0.0223569999999999
0.0202
0.0313579999999998
0.163722
0.133177
0.515656000000001
0.177638
0.37289
0.69829
0.12851
0.35155
0.0843030000000001
0.591799
0.441521
0.159296
0.0326459999999999
0.1307
0.250638
0.221396
0.367978
0.0745739999999999
0.0727850000000002
0.826919
0.0923790000000001
0.0596640000000001
0.065439
0.010094
0.00842500000000006
0.294825
0.269036
0.09193
0.101165
0.199931999999999
0.506928000000001
0.144273
0.28045
0.256814
0.252659
0.852441
0.335862
0.0769840000000001
0.824083
0.432096
0.363905
0.208965
0.190421
0.147388
0.0249249999999997
0.466511
0.091777
0.401413
0.750316
0.011569
0.233586
0.604712000000001
0.201856
0.657218
0.646245
0.743941
0.197466
0.178677
0.247407999999999
0.0813910000000001
0.0491759999999995
0.011245
0.026195
0.035001
0.622221
0.427894
0.271932
0.0719369999999999
0.7704
0.00354299999999993
0.464583
0.082884
0.095504
0.0982739999999999
0.366585
0.217946
0.025004
0.29407
0.287378
0.130018
0.583822
0.0597440000000002
0.655045
0.30477
0.096365
0.669339
0.132176
0.530364
0.476847
0.0308749999999998
0.505537
0.112106
0.172262
0.39578
0.219102
0.134446
0.000260999999999909
0.027513
0.0571529999999999
0.278365
0.05944
0.339076000000001
0.0583069999999996
0.0284060000000002
0.0530620000000001
0.176896
0.455817
0.0163710000000002
0.00448900000000036
0.198809
0.266766
0.548856
0.000377999999999949
0.577405
0.773138
0.291582
0.330805
0.329252
0.21975
0.117879
0.00605199999999998
0.334272
0.349100999999999
0.221665
0.0221919999999997
0.345222
0.0396280000000004
0.0150940000000001
0.266982
0.15608
0.00746299999999984
0.121238
0.464536
0.0910870000000003
0.209684
0.183343000000001
0.104326
0.18571
0.11997
0.129509000000001
0.015467
0.367259
0.24645
0.161416
0.0507560000000002
0.0267730000000001
0.118135
0.257729
0.0160030000000001
0.265598
0.000111999999999784
0.626072
0.166476000000001
0.490222
0.365364
0.755352999999999
0.099601
0.174638
0.0427969999999997
0.49784
0.363484
0.075047
0.58295
0.00657900000000005
0.464005
0.016642
0.105265
0.634743
0.0354990000000003
0.00839300000000007
0.476213
0.0408989999999996
0.12126
0.493562
0.165794
0.854375
0.776121
0.0914130000000001
0.307143
0.0912230000000001
0.297304
0.370951
0.233331
0.246566
0.491916
0.384895
0.150324
0.215004
0.0439160000000002
0.0523689999999998
0.00924300000000008
0.0788770000000002
0.339157
0.025323
0.0504430000000004
0.0196949999999999
0.134879
0.604088
0.220229
0.378516
0.056008
0.201428
0.241957
0.132947
0.599264
0.103725
0.0335990000000001
0.344886
0.0290750000000001
0.173019
0.0102649999999998
0.0814130000000002
0.304726
0.561911
0.012658
0.418983
0.142881
0.314941
0.151295
0.779315
0.200326
0.215383
0.684432
0.0203600000000004
0.229357
0.280593
0.17508
0.132147
0.323386
0.311432
0.204619
0.168799
0.190022
0.0569859999999999
0.000538999999999892
0.0333990000000001
0.000825999999999877
0.00680900000000006
0.101983000000001
0.784048
0.418778
0.076435
0.125748
0.225858
0.200503
0.0120060000000003
0.675582
0.23328
0.34438
0.188324
0.06077
0.039935
0.1523
0.250716
0.633333
0.0873809999999999
0.143491
0.142796
0.0986530000000002
0.331902
0.493056
0.310207999999999
0.213623
0.199332
0.251603
0.0285910000000003
0.119699
0.0432899999999999
0.0947590000000001
0.0858679999999999
0.21014
0.380317
0.0344259999999996
0.0193929999999999
0.00988499999999982
0.411259
0.531392
0.04907
0.0207290000000001
0.062422
0.122708
0.579288000000001
0.0312880000000001
0.566564
0.273681
0.0126959999999999
0.0437110000000002
0.163517
0.156312
0.204084
0.435449
0.330766
0.348863000000001
0.254952
0.18027
0.499779
0.15777
0.376449
0.0441369999999998
0.570847
0.0621179999999999
0.0538620000000002
0.143193
0.660217
0.0696350000000001
0.170254
0.322574
0.573691
0.251727000000001
0.0389720000000002
0.0438570000000001
0.0129639999999999
0.0113679999999998
0.0337710000000007
0.111093
0.219629
0.365847
0.00167799999999997
0.030382
0.557646
0.147266
0.0719299999999999
0.0324489999999995
0.115161999999999
0.557405
0.0770349999999998
0.257274
0.0767110000000001
0.308582
0.194474
0.385046
0.000343999999999986
0.881066
0.00966199999999963
0.00496099999999985
0.12533
0.0911170000000005
0.754184
0.543383999999999
0.0779690000000001
0.368895
0.0454949999999994
0.0380659999999999
0.16743
0.0290809999999999
0.244657
0.0562850000000004
0.031441
0.10955
0.00595299999999948
0.15436
0.118796
0.0914150000000001
0.872722
0.0191449999999999
0.38406
0.198026
0.356864000000001
0.237264
0.528396
0.32129
0.019164
0.41393
0.055156
0.879395
0.176332
0.297213
0.817437
0.461406
0.104808
0.123712
0.129731
0.517789
0.123389
0.000680000000000078
0.146288
0.0472489999999999
0.332691
0.55967
0.630198
0.557630999999999
0.32936
0.691783
0.0520720000000003
0.0242110000000001
0.061036
0.828751
0.04828
0.00713600000000023
0.786107999999999
0.00814099999999973
0.027333
0.481249
0.495048
0.244406
0.137513
0.51523
0.0385090000000001
0.615445
0.00641300000000003
0.0954059999999995
0.304268
0.0895450000000002
0.580785
0.0137820000000002
0.559505
0.247188
0.422783
0.0678490000000001
0.256073
0.12307
0.373049
0.140715
0.055458
0.0246449999999998
0.183099
0.039109
0.0116069999999998
0.00880799999999996
0.0673730000000003
0.00704900000000002
0.536551
0.0692169999999999
0.260941
0.061784
0.050276
0.0385500000000003
0.153303000000001
0.131634
0.386616
0.378791999999999
0.244191
0.504669999999999
0.154741
0.168587
0.173057
0.177582
0.073699
0.105925
0.0032230000000002
0.668303
0.23384
0.855488
0.0495500000000002
0.0695899999999999
0.0808169999999998
0.795939
0.11749
0.148153
0.426586
0.528952
0.0332730000000001
0.0568230000000004
0.0546150000000001
0.0896800000000001
0.249161
0.674788
0.00393299999999979
0.358291
0.06611
0.465517
0.76719
0.189773
0.00574200000000012
0.550933
0.0936860000000006
0.0065549999999999
0.096647
0.0163739999999999
0.423992
0.189315
0.076893
0.479399
0.0162799999999999
0.529118
0.160732
0.362115
0.181228
0.042308
0.252067
0.0317519999999998
0.590988
0.00118700000000027
0.616938
0.590967
0.280664
0.156812
0.0732430000000001
0.270256
0.049573
0.183154
0.195038
0.276128
0.241995
0.403458
0.100732
0.00958899999999998
0.874974999999999
0.049975
0.038831
0.458031
0.127441
0.0765350000000001
0.00331500000000006
0.53189
0.0123430000000001
0.137635
0.109937
0.079264
0.115741
0.675299
0.105453
0.277556
0.444375
0.120068
0.0146870000000001
0.571737
0.0521429999999999
0.108257
0.158986
0.69888
0.306955
0.64802
0.00260000000000044
0.316263
0.0406199999999999
0.266738
0.169562000000001
0.0852220000000001
0.628482
0.044598
0.129463
0.136769
0.381896
0.546357
0.192296
0.840116
0.0464899999999999
0.380761999999999
0.451439
0.0499630000000003
0.360263
0.321142
0.469301
0.521292000000001
0.421782
0.723288000000001
0.543024
0.00409099999999998
0.217147
0.9313696
0.245374
0.0336280000000001
0.0127359999999999
0.00593599999999985
0.0131259999999998
0.677055
0.388013
0.474682
0.017007
0.34551
0.0663550000000002
0.0597869999999998
0.139315
0.229068
0.101341
0.558403
0.0201130000000001
0.324529
0.0115090000000001
0.115573
0.259942
0.0969029999999998
0.00101399999999995
0.037606
0.30064
0.441976000000001
0.034373
0.219913999999999
0.635133
0.00360700000000003
0.171239
0.64109
0.0357060000000002
0.642883
0.0641759999999999
0.136575
0.5032
0.539105000000001
0.027503
0.00030400000000028
0.9431048
0.259958
0.463139
0.329483
0.39902
0.611897
0.224171
0.023131
0.0636160000000003
0.0691590000000002
0.105029
0.0115410000000003
0.280685
0.0845979999999999
0.439359000000001
0.0616780000000001
0.099571
0.132492
0.018927
0.0136010000000001
0.634892
0.103425
0.20358
0.105753
0.0988809999999998
0.637587
0.10254
0.396501
0.038736
0.343012
0.387937
0.367273
0.233267
0.056841
0.105724
0.688191
0.578786
0.212998
0.676169
0.452563
0.0208430000000002
0.246108
0.798213
0.030398
0.193587
0.091331
0.247835
0.239179
0.393344
0.242443
0.00593899999999993
0.474133
0.422166
0.272349
0.163923
0.739162
0.820523
0.218792
0.343427
0.0828459999999998
0.0159730000000003
0.00443000000000014
0.118957
0.326347
0.389789
0.00653900000000011
0.429251
0.125184
0.384628
0.178872
0.00945499999999983
0.143061
0.556944
0.0845119999999999
0.0835009999999999
0.22609
0.11691
